"","(1,R1)","(2,R1)","(3,R1)","(4,R1)","(5,R1)","(6,R1)"
"1",0.000796957045386202,0.002413042453528,3.68453901714966e-05,0.0347905101208409,0.952308451327677,0.00965419366239645
"2",0.000172952082919208,0.00136237594065363,2.08393402396232e-05,0.0288290175928718,0.963311951160907,0.00630286388240922
"3",0.0028513115829672,0.0375907119069025,0.000575745233347852,0.0280691338160164,0.924457222433732,0.00645587502703404
"4",0.87374996941042,0.12106111928007,0.00184659884256872,2.86492048054901e-05,0.00330992011664617,3.74314548982339e-06
"5",5.79379627380602e-05,0.0153326142835765,0.000232542400528044,0.0422795905191638,0.932997200212933,0.00910011462106017
"6",2.30935957616979e-05,0.0572762565457736,0.000872952479918254,0.0269992067344479,0.908554193810769,0.00627429683332967
"7",3.92571880849494e-05,0.012869911224443,0.000195442978796504,0.0436475804058764,0.932798683569744,0.0104491246330552
"8",1.72111650692089e-05,0.0542069619297557,0.000826682084833907,0.0260449236088066,0.913041569826325,0.00586265138520934
"9",4.20196736416358e-06,0.000262127505518976,4.02449741054216e-06,0.0212121421571331,0.975231466993219,0.00328603687935447
"10",9.68431783551006e-06,0.00779425365266294,0.000119297388469123,0.0401150247464643,0.941613615408925,0.0103481244856432
"11",8.0482343684996e-06,0.0288484270255085,0.00044360420430036,0.0381821737840492,0.921658899030591,0.0108588477211828
"12",2.70341773233977e-05,0.0680204528889077,0.00103569574844845,0.025975792289375,0.899048948290699,0.00589207660524638
"13",1.29008250150908e-07,9.7920476587153e-06,1.53705676551503e-07,0.00800976132446554,0.991688124149537,0.000292039764412497
"14",8.12194690484971e-09,2.63718177999748e-06,4.36252596045265e-08,0.00804840462938209,0.991766505948674,0.000182400492957007
"15",1.01029256691917e-08,1.52434840473501e-05,2.46343952427357e-07,0.013620945349772,0.98588194641236,0.000481608306942339
"16",8.09568805457646e-08,0.000651170961342087,1.04595394007356e-05,0.023163271613145,0.974595121104942,0.00157989582428931
"17",7.80418760109063e-06,0.00168607920066644,2.60436179123418e-05,0.0609542109884078,0.923263158321799,0.0140627036836136
"18",4.19982592599371e-06,0.0100354966352551,0.000153037040639085,0.421454420378636,0.376161939493279,0.192190906626265
"19",1.71155637630931e-05,0.000255267789224937,3.90531608772332e-06,0.0242646448285819,0.970961676094231,0.00449739040811154
"20",1.06615762969939e-06,0.0173355098355626,0.000267800872539197,0.0202735113280978,0.960051007575701,0.0020711042304698
"21",0.000172411868143884,0.0156483627110048,0.000237756693409187,0.0252450380783194,0.955648466118076,0.00304796453104671
"22",0.00131838222629105,0.0262714617002731,0.000403585676707375,0.024032029758239,0.944351444336665,0.00362309630182469
"23",0.000336937520814035,0.00645591595166154,9.79997121904771e-05,0.0420086740852631,0.9430398495297,0.00806062320037128
"24",1.10163836113679e-06,0.333228019931384,0.00509703464626157,0.00948415289725323,0.651114376885574,0.00107531400116627
"25",9.60054524447182e-05,0.311479419262095,0.00471872474173971,0.0222590943741713,0.658464844355037,0.00298191181451223
"26",7.32745821052479e-08,0.91043782257238,0.0138991392530372,0.00060646951251305,0.0750019857780703,5.45096094171181e-05
"27",9.95082625026539e-08,0.962259812538877,0.014564113309953,0.000220176845446144,0.0229405819428147,1.52158546466029e-05
"28",0.000186495021838778,0.96567393802639,0.0146026902256324,0.00107860693344362,0.018346863444353,0.00011140634834188
"29",9.44252230506818e-08,0.982571591990983,0.0148486594013276,3.68191472936695e-05,0.00254089230055637,1.94273461650207e-06
"30",7.62613136995087e-08,1.9845521217869e-05,3.17740568528803e-07,0.0166857533969351,0.982435205685044,0.000858801394920364
"31",1.13065885076734e-06,0.000122908728914755,1.91406616016372e-06,0.0279787785409014,0.968661219663487,0.0032340483416864
"32",1.22281879655943e-05,0.000181458107562012,2.77828975994885e-06,0.0196646388754607,0.97724350305893,0.00289539348032138
"33",1.58004149553241e-07,4.22181255358923e-05,6.62384028273965e-07,0.03053997941392,0.96518970839893,0.00422727367343619
"34",1.87233355164041e-05,0.000815692782282526,1.25377728584803e-05,0.0411001753208968,0.947824819509421,0.0102280512790245
"35",4.00453087206166e-07,5.4287678619151e-06,8.45371372623646e-08,0.00178944574976712,0.998104945838811,9.96946533350734e-05
"36",3.16858717404121e-07,7.05120365315304e-05,1.12093404238939e-06,0.0320771221730872,0.962975457307913,0.00487547068970836
"37",1.87254091166883e-05,0.000467925149938336,7.15998354199797e-06,0.0322703306191453,0.960262772780458,0.00697308605779989
"38",1.51570834719568e-06,0.000185477389302366,2.88655253526775e-06,0.0351911258420962,0.958448532706844,0.00617046180087522
"39",6.22855250241387e-06,0.000131366754341263,2.01442893725658e-06,0.0173227066485814,0.980313942620483,0.00222374099515491
"40",1.88581681894148e-06,0.000171415637809453,2.64917755569554e-06,0.0397451728668774,0.953569259850266,0.00650961665067281
"41",1.12043977699343e-07,3.06380659213792e-05,4.8124703388304e-07,0.0463594056323669,0.94813115815474,0.00547820485595965
"42",2.17237764127623e-06,0.000101699751380152,1.56770023289147e-06,0.0203760609724656,0.976987171839041,0.00253132735923935
"43",4.66514982315535e-08,3.98824713801425e-05,6.51403288628046e-07,0.0531963123305993,0.940841846809646,0.00592126033358755
"44",1.80407523026912e-06,0.000110769385466111,1.71351722960999e-06,0.0268308921626078,0.969365855207223,0.00368896565224321
"45",7.5357953426657e-07,0.000778910852944012,1.21523556286472e-05,0.106342439484005,0.880007541190165,0.0128582025377235
"46",2.93754154187239e-07,5.71713399133446e-05,8.91423954600775e-07,0.0213774495239437,0.976776624719315,0.0017875692387192
"47",3.31994173060457e-06,0.000329544215934629,5.0882182819766e-06,0.037103999779465,0.955449599293593,0.00710844855099455
"48",9.312299913542e-06,0.000591265466310142,9.15954680128423e-06,0.0408836083657024,0.948683677680882,0.00982297664039072
"49",4.98679072602774e-07,0.000168003206127562,2.61787093752474e-06,0.0191005640163784,0.979199000855155,0.00152931537232863
"50",1.58004854022e-06,0.00019146722286034,2.9611058257034e-06,0.0295992852688979,0.966100237551301,0.00410446880257477
"51",1.21163931934875e-05,0.000359275243163934,5.50387863308707e-06,0.0290420747195233,0.965241527485055,0.00533950228043133
"52",4.36721706991604e-06,0.000334107445475567,5.16504594136758e-06,0.0334868313736194,0.960138093013487,0.00603143590440627
"53",6.40698004122881e-06,0.000241537403523671,3.70814607459736e-06,0.0258447768665658,0.969710617466604,0.00419295313719093
"54",1.48906073795266e-05,0.00139027808468915,2.21844870384341e-05,0.0181582010042858,0.978994893178478,0.00141955263812928
"55",0.00148931056160328,0.0261933652812106,0.00041131853738538,0.0190671201202031,0.951099775555337,0.00173910994426111
"56",0.0192647298584681,0.0838135467160948,0.00128205525622565,0.0183342588789923,0.874615321762839,0.00269008752738045
"57",0.0115036316476728,0.0698253358999568,0.00107000700244217,0.019673354619354,0.895172529723637,0.00275514110693675
"58",2.29205963265298e-06,0.00011118607535839,1.71363520368987e-06,0.0206876666729179,0.977216909177768,0.00198023237911988
"59",1.61943498317171e-06,3.57698316168686e-05,5.5093999119105e-07,0.0076793338012301,0.991732596040959,0.000550129951219384
"60",1.20363397146788e-07,2.03009710341376e-05,3.1928156080762e-07,0.0172385065377016,0.981442575126506,0.00129817771980054
"61",1.31789453883834e-06,0.000122495053706374,1.90857792785715e-06,0.0208759998761305,0.977089393835727,0.00190888476196902
"62",1.68617535684994e-06,8.18566618835555e-05,1.26297959397272e-06,0.0149694191111788,0.983694219832517,0.00125155523946975
"63",2.19692134958646e-07,2.99367719820261e-05,4.68763388082181e-07,0.0155187407144048,0.983435964502977,0.00101466955511321
"64",1.36709815429742e-06,0.000116304023969445,1.81528772689516e-06,0.0187737614405402,0.979589731918081,0.00151702023152853
"65",3.57532380922146e-07,2.60555563887455e-05,4.05679432483877e-07,0.010724042959088,0.988703457031437,0.00054568124127335
"66",1.43050251491311e-07,1.59486578610725e-05,2.54079365780598e-07,0.00851320140662459,0.99112848372888,0.000341969077017143
"67",1.35174411000642e-07,8.85023863749479e-06,1.38722755219205e-07,0.00387508396466891,0.996009282531755,0.000106509367772055
"68",9.90135266868057e-07,8.09148093689476e-05,1.32095555434597e-06,0.00971667751930532,0.990016157744459,0.000183938836045127
"69",0.00456418151983086,0.0403998138169002,0.000622813589520273,0.024240396060879,0.926888586233438,0.00328420877943154
"70",9.93390965212294e-08,1.67061846741467e-05,2.68279848618714e-07,0.0106516655916954,0.989160124113009,0.000171136491675734
"71",1.37498655974748e-05,0.000159440376913926,2.44124126773301e-06,0.0179117774857307,0.979403327960962,0.00250926306952858
"72",1.49035631594758e-09,1.05457620626852e-06,1.77050826902896e-08,0.0111439889738627,0.988727599489536,0.000127337764955897
"73",2.93448799320817e-08,2.83932045193326e-05,4.68782463048135e-07,0.0109479710825747,0.988779667648405,0.000243469937158181
"74",5.24154597433512e-05,0.0011017693148461,1.68322217248339e-05,0.0425093047326213,0.944018549015695,0.0123011292553691
"75",1.04639555131539e-07,9.85400209071848e-05,1.70719825613876e-06,0.0105486946105688,0.989088043401679,0.000262910129033303
"76",4.4767126148921e-08,2.29258046917615e-05,3.63410562793373e-07,0.0166189411582103,0.98251792687884,0.000839797980568474
"77",5.43686577614733e-06,0.000462218097068432,7.24034767463634e-06,0.0290271907732719,0.967033266433021,0.00346464748318765
"78",2.84085671511374e-05,0.000600598133580351,9.18127473205105e-06,0.0349682553583354,0.95602517587392,0.00836838079228093
"79",1.69214990460496e-06,9.76038632535782e-05,1.57904300952708e-06,0.0222440103212777,0.975881567749361,0.00177354687319393
"80",0.0478318249217661,0.0540794808481424,0.000824298618077758,0.0537441634805143,0.81542785732821,0.0280923748032893
"81",8.66429044143901e-08,3.3799749904874e-05,5.35251807876602e-07,0.0237882556261041,0.974066411784762,0.00211091094451681
"82",3.69226366092531e-07,9.41360352272307e-05,1.5442881895909e-06,0.026786827567316,0.970254711084113,0.00286241179878782
"83",2.7905677317741e-05,0.000972486034964365,1.49072361435143e-05,0.0419619446400056,0.946078408204697,0.0109443482068716
"84",3.07287123437786e-05,0.00080779325671009,1.23556432054405e-05,0.0393183988334686,0.949544057197457,0.010286666356815
"85",4.13286777412496e-06,0.000233119369720671,3.58286980061028e-06,0.0311242162470773,0.963364522576903,0.00527042606872426
"86",4.97645403527232e-06,0.000126231090314013,1.93698102626128e-06,0.0172827066079039,0.980482839749568,0.00210130911715266
"87",6.09930533529964e-07,8.12129898315158e-05,1.2594456238315e-06,0.0277382938914195,0.967968368602159,0.0042102551404328
"88",3.89028545852292e-06,0.000194206086085293,2.99088474841296e-06,0.0243046632403017,0.972071891268575,0.00342235823483084
"89",2.64632281114451e-06,0.000209880668360083,3.26432948394068e-06,0.0286066854097401,0.966666521990205,0.00451100127939943
"90",0.000287007128032154,0.0250972067102431,0.000392483068596774,0.00841140825997869,0.965451195021967,0.000360699811182675
"91",1.92985648165277e-05,0.0209786265379471,0.000319232530064167,0.0262520046310212,0.94952852746042,0.00290231027573053
"92",0.000344831252190932,0.289612496023552,0.00441784708129067,0.0234508874181487,0.675940964129217,0.00623297409560049
"93",4.4922555641679e-05,0.00415468942661302,6.31232156893239e-05,0.0396361497921931,0.949839538367581,0.0062615766422821
"94",2.95506050938011e-05,0.0011232118638828,1.71498346853326e-05,0.039680570778574,0.95004292056911,0.00910659634865352
"95",0.025280745225535,0.138164060440668,0.00216894612601828,0.00371312724134527,0.830483979918881,0.00018914104755286
"96",0.000207314560300313,0.000684306246550695,1.04260668054663e-05,0.0233080422080565,0.97245806149323,0.00333184942505732
"97",0.47140457423843,0.444966968180394,0.00701118269519613,0.000294382640115751,0.0763087596687202,1.41325771439996e-05
"98",0.803420272901116,0.192574566502417,0.00293483619924106,1.68696409793562e-06,0.00106859152422487,4.59089032107071e-08
"99",0.89832851771274,0.0999613130616162,0.00151339926617827,7.68165568464788e-06,0.000188631524658719,4.56779122315026e-07
"100",0.916721459726941,0.0819960375684409,0.00124497698911869,1.3374947965419e-07,3.73896648700685e-05,2.30114925600944e-09
"101",0.957979409126105,0.0413912394654217,0.000627905250617836,1.47016854722752e-08,1.43134771771404e-06,1.08451929515429e-10
"102",0.984044248285115,0.015714024872576,0.000238103039566062,9.93097014909955e-08,3.52176934207512e-06,2.7236996852223e-09
"103",0.997593073649714,0.00236827539458129,3.59219380805279e-05,2.12364731899593e-08,2.70682510695212e-06,9.56044626774156e-10
"104",0.996809637153364,0.00313923188108454,4.75969833845227e-05,3.4654472673778e-08,3.49779431026479e-06,1.53338362745221e-09
"105",0.98541826617665,0.0143628243997919,0.000217808044777847,1.94384768970769e-08,1.08159251286234e-06,3.47790580331768e-10
"106",0.999020547482678,0.000963491951276699,1.46351007760315e-05,5.32213766564173e-09,1.31990416182381e-06,2.389702466795e-10
"107",0.99245253351591,0.00743376848147775,0.000112667168074074,1.50044297365325e-08,1.01562640291932e-06,2.03705377412598e-10
"108",0.996581133472209,0.00336439681071565,5.09779544972831e-05,4.00781048252296e-08,3.45062040763141e-06,1.06406528105886e-09
"109",0.999765365046243,0.000230824382886299,3.51677325795837e-06,4.41491144193718e-10,2.93342064944765e-07,1.40566234889614e-11
"110",1.89201579012743e-08,6.17304217529905e-06,1.06707062827637e-07,0.017413348190981,0.982333186259195,0.000247166880428411
"111",5.28919023938272e-05,0.00109064125218669,1.66612117744463e-05,0.042787952261253,0.943346122771706,0.0127057306006856
"112",1.01704829912604e-09,7.534355147102e-07,1.33976091805971e-08,0.0219861416004085,0.977686326406442,0.000326764142977319
"113",5.80916892733245e-08,1.5369592899308e-05,2.47241607128896e-07,0.0222100456732229,0.976769837831526,0.00100444156905556
"114",9.59834621692545e-07,0.000120891337165063,1.87554257837919e-06,0.0280324500377044,0.968534489934268,0.00330933331366229
"115",2.3964175766476e-05,0.000638498470804463,9.76876138915581e-06,0.0361974825249275,0.954519842814531,0.00861044325258113
"116",6.90543807153539e-07,0.000123595290104411,1.92702025712839e-06,0.0277383244091374,0.968505231538364,0.00363023119833014
"117",1.69806685912828e-05,0.000563246124295797,8.62928992955127e-06,0.0349518734013582,0.956836052837568,0.00762321767825692
"118",2.66343868204522e-07,0.000453690709688544,7.03531641684408e-06,0.0235790863322085,0.973145106343719,0.00281481495409911
"119",3.44000036958546e-06,0.0211260016586143,0.000325737142704562,0.0232047900664194,0.951979002276441,0.00336102885545143
"120",4.97558848012631e-07,0.000115198828837806,1.78311195963618e-06,0.0248819946655378,0.972006986648693,0.00299353918612349
"121",3.87121812460394e-06,0.000280151733270083,4.34295277669222e-06,0.0289424797844923,0.96647895414001,0.00429020017132672
"122",5.50716351759989e-06,0.000248040257461067,3.81368420539335e-06,0.0256087345952583,0.970468234893835,0.00366566940572297
"123",2.54417086818747e-07,4.98664093702396e-05,7.86543188256225e-07,0.0257414743078677,0.97193130540588,0.00227631291660669
"124",3.19589009498835e-05,0.00080853233075707,1.23646368231228e-05,0.0391815490195643,0.949732039180914,0.0102335559309921
"125",3.38710152207603e-07,6.24775049903576e-05,9.9028812315699e-07,0.0269913226833344,0.970055053467224,0.00288981734617561
"126",2.24440525119132e-05,0.000525875420891032,8.04333803763338e-06,0.0332614995220989,0.95882990543166,0.00735223223480103
"127",4.31230116271925e-07,6.6328322195106e-05,1.03690030110906e-06,0.0274686374827908,0.969057007127086,0.00340655893751063
"128",1.72909719540246e-05,0.000605749332073271,9.28394989476063e-06,0.0360241802490517,0.955335597429839,0.00800789806718761
"129",7.10472626027973e-08,2.08399524990211e-05,3.27783773199146e-07,0.0266415423985227,0.969983110990554,0.00335410782738887
"130",6.96863214411561e-06,0.000435832204173366,6.7409783580475e-06,0.0338418249337983,0.959574276333198,0.00613435691832807
"131",2.32862144291876e-07,4.53903393709211e-05,7.43104570113343e-07,0.027097476108134,0.96934916134988,0.00350699623590038
"132",8.31399534896159e-07,0.000106301675803842,1.65266477824051e-06,0.0276067742542915,0.968429490869544,0.00385494913604732
"133",3.38494487688132e-06,0.00011214967481196,1.72353294928733e-06,0.0168673952408406,0.981163602244957,0.00185174436156375
"134",3.48030401116477e-06,0.000248605517510467,3.85325728970443e-06,0.0291237076806288,0.966059867032345,0.00456048620821439
"135",1.63576120762326e-09,1.80620213186226e-06,3.34185469145112e-08,0.0294306777022523,0.969997082537652,0.000570398503655436
"136",2.65733658241914e-07,6.60723610920737e-05,1.03074327859222e-06,0.0463443663990166,0.947102330978133,0.00648593378482191
"137",1.67252130466512e-06,0.000208325600989051,3.21411471912195e-06,0.0413778314054992,0.948502133259826,0.00990682309766218
"138",1.3150284980195e-05,0.000553680429617579,8.50083631187055e-06,0.0388714026283319,0.950234644120755,0.0103186217000032
"139",1.00157718413355e-05,0.000547947098026827,8.44787533995231e-06,0.0413328539780963,0.946741537450114,0.0113591978265813
"140",7.04098841909439e-08,3.13169540092103e-05,4.97699723317108e-07,0.0612580115325238,0.92703212558143,0.0116779778224297
"141",2.08352045354795e-05,0.000750322950413854,1.15036335682654e-05,0.0453900735166823,0.939030667884512,0.0147965968102878
"142",2.89399119264789e-08,2.94521353028804e-05,4.86887084461439e-07,0.0667502650542071,0.919563764841445,0.0136560021420485
"143",1.22845951167698e-06,0.000151263364117205,2.38040676881427e-06,0.0554483604166487,0.930545255738053,0.0138515116149002
"144",1.75797889059174e-06,0.000164579762313403,2.53843492963486e-06,0.0378724677644642,0.952693611392211,0.00926504466719111
"145",4.9521885082261e-06,0.000269362675358848,4.15091934529068e-06,0.0315489734337803,0.961570896700996,0.00660166408201117
"146",5.15532855129035e-06,0.00023981983197453,3.68889799928937e-06,0.0285570279370017,0.965762720700442,0.00543158730403159
"147",5.83588998209737e-07,0.000352384263111205,5.45804596640589e-06,0.138647057592191,0.808937738327315,0.0520567781824179
"148",2.58142485433024e-06,5.49612320136233e-05,8.45178659567598e-07,0.0138697181305385,0.983956673363019,0.002115220670915
"149",1.36268165613765e-07,0.000556584166607403,8.79813529578898e-06,0.163735008300159,0.766957099341456,0.0687423737883162
"150",3.21913725054738e-06,0.00145982027640247,2.2464420924395e-05,0.162019919741286,0.753313979078228,0.0831805973459087
"151",1.06460942518777e-06,0.00775318892956405,0.000119466722175085,0.219934665736185,0.650028057082204,0.122163556920447
"152",5.39515499732357e-09,0.000488740811171361,7.53557729431085e-06,0.573411021141226,0.0155993657611872,0.410493331313966
"153",4.5478862196742e-07,0.0491188136012092,0.0007540042009617,0.00970022294312225,0.938755027040042,0.00167147742604328
"154",1.11607805986677e-09,7.28032226938933e-06,1.33873074308176e-07,0.0357031866813759,0.963433310221297,0.000856087785905137
"155",8.90248790095448e-08,3.22074709012408e-05,5.17601339580994e-07,0.0407558089538758,0.956307208835795,0.00290416811320976
"156",1.01573066509523e-06,0.000105030500789545,1.62402014296722e-06,0.0322602090678434,0.962657349362503,0.00497477131805626
"157",1.75265638277952e-05,0.000649556967756383,9.96016000128305e-06,0.0379909491959508,0.952164381803427,0.0091676253090366
"158",2.00970582542564e-07,3.91525492045121e-05,6.12843022411523e-07,0.0284174171395168,0.967458248806353,0.00408436769132095
"159",9.38422338796779e-06,0.000490560402960406,7.55588413627276e-06,0.0350563012314968,0.957372548603318,0.00706364965470053
"160",2.91249986252047e-07,5.14204850351171e-05,8.10077281772447e-07,0.0267642401312319,0.969548532050146,0.00363470600631854
"161",7.86261126510933e-06,0.000319820426423018,4.91087906466925e-06,0.0285119754385828,0.966391868744693,0.00476356189997146
"162",4.52034999431197e-07,6.85835995034587e-05,1.06803610872246e-06,0.0255599300041534,0.97106288977115,0.00330707655408503
"163",3.46303872574406e-06,0.000219986132360831,3.40041510671267e-06,0.026477223838359,0.969544153000288,0.00375177357515994
"164",3.51367376570872e-06,0.000219489389470634,3.39156966884503e-06,0.0263480995690637,0.969701172345039,0.00372433345299208
"165",1.6701082597004e-07,6.78660518878218e-05,1.06356147582988e-06,0.0611063012557168,0.929163609465767,0.00966099265432673
"166",1.07017817297559e-06,0.00023601303754515,3.66027842965685e-06,0.0635837746041261,0.919410403279039,0.0167650786226876
"167",1.42582783021302e-05,0.000414441829589476,6.34722398687285e-06,0.0347254995924458,0.955853869786285,0.00898558328939027
"168",1.18881212071873e-06,0.000591257921879329,9.15442219934161e-06,0.0815786918843017,0.893991887959319,0.0238278190001793
"169",2.4691686789918e-08,0.00139275767600292,2.1383191729503e-05,0.924230456895253,0.0388124134087082,0.0355429641366195
"170",7.05039442733567e-07,7.40715932198654e-05,1.14392131194312e-06,0.0395450634204228,0.951324960131342,0.00905405589426027
"171",2.61706900116413e-06,0.000156449044106435,2.41694371926182e-06,0.0272811237935256,0.967659478990039,0.00489791415960845
"172",1.19700666710891e-06,0.000104470724777182,1.62617931408088e-06,0.0292080168887624,0.965249223216912,0.00543546598356674
"173",9.10576787432103e-07,4.25418270227875e-05,6.57637965451204e-07,0.011632471512991,0.987293091072303,0.00103032737293053
"174",6.01940272192068e-08,3.98554516363786e-05,6.26531707129151e-07,0.083062970786314,0.8994778175936,0.0174186694427152
"175",2.94210912855776e-06,0.000270733432914591,4.19650332380865e-06,0.0571992424549551,0.925284003608469,0.0172388818912089
"176",2.10835376664934e-06,4.01609017695817e-05,6.18097532422254e-07,0.00891398166783325,0.990171075768907,0.000872055210191005
"177",9.36362347220874e-06,0.000383709430933745,5.89096126956274e-06,0.0373667755752065,0.95197026048319,0.0102639999259281
"178",7.46807280409029e-08,9.18944543459387e-05,1.50471797647942e-06,0.0946846190312512,0.8839230872682,0.0212988198474987
"179",2.5372315078971e-09,0.0004094995652597,6.32933236576225e-06,0.978765295056467,0.00910332677760447,0.011715546731072
"180",5.41055112449193e-08,3.63697443529628e-05,5.76741558230784e-07,0.0996767039635522,0.877095700503652,0.0231905949413731
"181",5.08640267727216e-07,8.11469169553065e-05,1.27078333542689e-06,0.079293836068397,0.900249769646986,0.0203734679440582
"182",9.80041639512877e-08,4.97068057662988e-05,7.83828621284748e-07,0.0771161469440763,0.904836568433461,0.0179966959839107
"183",2.12383604690385e-06,0.00129660237426886,2.00069812445196e-05,0.127484072231089,0.838703371489296,0.0324938230880545
"184",2.41732046770475e-07,3.81796968598872e-05,6.0259359630749e-07,0.0565966896779664,0.932235578847995,0.0111287074515353
"185",2.31574504296268e-07,3.99896961656293e-05,6.33539409538807e-07,0.0478268574986663,0.94478784743601,0.00734444025524447
"186",1.46951773573417e-07,3.459267616346e-05,5.44918570743457e-07,0.0472395166755203,0.948468680298188,0.00425651847978401
"187",4.31990757884785e-07,1.84393186548001e-05,2.8584288068976e-07,0.00775921115912053,0.991698188272834,0.000523443415752655
"188",7.44442037842161e-08,4.97423027103753e-05,7.87787987802326e-07,0.0647728521013012,0.931660982162491,0.00351556120130573
"189",3.23855128274094e-07,2.50499072617991e-05,3.91691630419499e-07,0.0221017741921069,0.976367402397873,0.00150505795600014
"190",1.45239140742837e-07,0.000396411226757665,6.19495606967593e-06,0.182747042552689,0.81074755585204,0.00610265017330299
"191",2.35884621292333e-07,0.000194340056534604,3.04787495661652e-06,0.12137102606045,0.845864280977136,0.0325670691463015
"192",9.76929276391068e-08,1.9545966287031e-05,3.05472252256783e-07,0.0621105455264617,0.927991046554841,0.0098784587872307
"193",4.26279581189962e-07,5.52102297769013e-05,8.62425146143693e-07,0.038636922219064,0.954614399790882,0.00669217905554928
"194",9.58639250798925e-07,0.000101435628132889,1.60023024437311e-06,0.0331142542003747,0.961056610841848,0.00572514046014906
"195",3.08428586540718e-08,6.9186333365658e-05,1.10127056921254e-06,0.0393557196923814,0.957258886985416,0.00331507487540919
"196",3.83281386055366e-07,0.0131286640753856,0.000203487568921176,0.0543720451225143,0.927201294135825,0.00509412581596768
"197",1.74895127151362e-07,0.117351636805374,0.00183625653272705,0.0817116885844754,0.792405451132861,0.00669479204943562
"198",2.09305100672027e-08,6.17087574834043e-06,9.82150742428165e-08,0.0284556494373078,0.970151664935501,0.00138639560585896
"199",3.28183475170379e-08,5.44331087121744e-06,8.67969779913036e-08,0.0150287927815432,0.984364224261929,0.000601420030330758
"200",7.93275871330786e-07,7.21452709007655e-05,1.13151691253146e-06,0.0159678903254009,0.982990188728014,0.000967850882900421
"201",4.90101946973916e-08,8.80563690476692e-06,1.41895474705537e-07,0.0119574552047091,0.987582072842992,0.000451475409724389
"202",5.65421867071604e-07,3.12361738904447e-05,4.8458472554334e-07,0.00833059074570471,0.991257261759505,0.000379861314307152
"203",3.96895665469789e-07,4.32780659154145e-05,6.88457425986432e-07,0.0127986829325094,0.98655568126508,0.000601272383404267
"204",1.31284615839051e-08,5.87387331144026e-06,9.41327447661856e-08,0.0308858013028462,0.968040421872601,0.00106779569003488
"205",9.48359369394561e-08,6.59163870619633e-05,1.07497977200808e-06,0.0471577136787134,0.950867803144777,0.00190739697373841
"206",3.32576055635861e-07,0.000569218272705647,8.89908303888935e-06,0.125889224255749,0.866896485418297,0.00663584039415444
"207",7.44561534322533e-08,1.21174485152464e-05,1.94994911302083e-07,0.0209070076792322,0.978213013580391,0.000867591840796966
"208",6.16849033479447e-07,3.75311071710785e-05,5.82760390250779e-07,0.0110754768522792,0.988262931285443,0.00062286114568327
"209",6.01051454776531e-07,4.84192738701606e-05,7.56539777679829e-07,0.0148697062170967,0.984192352041825,0.0008881648759758
"210",3.44991768221645e-09,0.000497199446027265,8.32317198877535e-06,0.0492772108686484,0.948321952192403,0.00189531087101514
"211",2.35215984787021e-06,0.000314081941382894,4.8577390274681e-06,0.0453813096662079,0.948051884920022,0.00624551357351188
"212",2.15699505715646e-05,0.00042753275707383,6.53800994543444e-06,0.0310483275245362,0.961652870694232,0.00684316106364145
"213",5.7362301148305e-07,0.000124021358239041,1.91462677152495e-06,0.0431101848031352,0.948141630077124,0.00862167551171841
"214",4.72511490308493e-06,0.00154306623997911,2.38426298269273e-05,0.0766950718175546,0.899568784897331,0.0221645093004057
"215",3.66025871040056e-07,6.17486630036578e-05,9.65424022953717e-07,0.0269219995329082,0.9689826970461,0.00403222330809424
"216",2.55842420142689e-08,0.000113623169609461,1.80011763103456e-06,0.0184727336974379,0.979564754326328,0.00184706310475126
"217",2.32253945561312e-07,0.00342300353864829,5.37336250284803e-05,0.0175565212775086,0.977284164999344,0.00168234430552483
"218",9.60143251739922e-06,0.00111002006382393,1.69201207513121e-05,0.0229008654902097,0.973617824836981,0.00234476805571712
"219",1.34628972469413e-08,0.000370286879040999,5.85197185817567e-06,0.0163926026599851,0.981821594007074,0.00140965101914429
"220",2.73804543993927e-06,0.000274769339785709,4.26026953783918e-06,0.0222670202668009,0.975197895027019,0.00225331705141711
"221",1.88327479320043e-07,0.00257193492446729,4.48988317862114e-05,0.0167083389843694,0.979197817729182,0.00147682120271527
"222",5.09287566581437e-09,0.00746706799462348,0.000130101763038139,0.0607817625525551,0.928616788868647,0.00300427372826119
"223",1.43249584575328e-07,0.0007105765404379,1.09710622267982e-05,0.287582404059786,0.640017077615017,0.0716788274729484
"224",1.96912038735226e-07,6.51411782095736e-05,1.00651905826174e-06,0.186132685105144,0.74809558543848,0.0657053848470694
"225",2.31791868019378e-06,0.000219894119196108,3.41832561637989e-06,0.112864432837598,0.834445016889933,0.0524649199089766
"226",0.00048613863479362,0.00347217586278679,5.31327738575608e-05,0.0507515289688853,0.920398008500573,0.0248390152591032
"227",3.68404119893681e-06,0.00022670549295622,3.49042802849503e-06,0.0541800406355758,0.923433477268707,0.0221526021335336
"228",2.98709619239266e-06,0.000170991803843074,2.63907651201774e-06,0.0337347803955311,0.956899744035197,0.0091888575927244
"229",5.35916331426189e-07,0.000118940329267889,1.86315013942616e-06,0.140471556268165,0.794327396035431,0.0650797083006645
"230",9.37727664106553e-06,0.00025477551788815,3.90474154131365e-06,0.0357480363860838,0.952840541673883,0.0111433644039627
"231",1.05992901374821e-06,0.000282642156233373,4.3805758114372e-06,0.114891249185178,0.82072266184112,0.0640980063126434
"232",3.11777554108984e-06,0.00142210876424246,2.19123242584625e-05,0.137960183400135,0.788830104759724,0.0717625729760996
"233",5.33569238471637e-06,0.000179290670427936,2.75275291147969e-06,0.0343953013543631,0.955063944419311,0.0103533751106018
"234",2.77294592594938e-10,4.04018464355034e-05,6.34112054035987e-07,0.213399456692696,0.00461377324095381,0.781945733830566
"235",8.18661919056539e-10,1.41251323290545e-05,2.19861825725264e-07,0.120215904149582,0.0023197211784329,0.877450028859169
"236",1.38433317222348e-11,1.8380724097424e-06,2.85507172209706e-08,0.0271097123723644,8.41480363719946e-05,0.972804272954293
"237",3.22325874655296e-09,2.03169361329938e-05,3.17891878249588e-07,0.132074289959861,0.00669432579943879,0.86121074618943
"238",2.19800243160434e-08,7.91272971682769e-05,1.23379775691739e-06,0.700759204673909,0.223630931589239,0.0755294806619023
"239",4.28093966014026e-11,3.42695872289451e-06,5.32191246582312e-08,0.0415603894692841,0.000222337382835521,0.958213792927223
"240",2.24905050771193e-10,9.72609932701224e-06,1.51640199405001e-07,0.172797076143337,0.00315291103472013,0.824040134857511
"241",1.347821147973e-08,0.000140178677201588,2.16122640716799e-06,0.180333952491778,0.0110898795657157,0.808433814560686
"242",3.14749170208628e-10,1.80078707596641e-06,2.85722832006528e-08,0.14830070203597,0.00647942796249156,0.84521804032743
"243",4.04946050849893e-08,2.84830527105555e-05,4.49443676099102e-07,0.212157662419479,0.0748938165499085,0.71291954803962
"244",5.71346195758167e-09,2.41875739474285e-05,3.78845386953613e-07,0.171776544707619,0.0481612311143347,0.78003765204525
"245",1.01584414648235e-06,6.66417102574499e-05,1.03798170289899e-06,0.17005826754499,0.676682259883613,0.15319077703529
"246",3.29388132450032e-09,7.62449614465522e-06,1.22541586999115e-07,0.144386823177592,0.012552666323087,0.843052760167708
"247",4.39947166140835e-08,6.71139610639849e-05,1.03849206663709e-06,0.212933193976482,0.0535326299330686,0.733465979642602
"248",8.83359108230764e-08,5.45510714199818e-05,8.47916419079593e-07,0.245506397495662,0.102267282698973,0.652170832481615
"249",1.95216506288683e-08,6.08024673718429e-05,9.47849578743579e-07,0.247719683791021,0.0829081457477117,0.669310400622666
"250",8.60859809292085e-07,0.061266097207443,0.000990833186331216,0.0355903502207983,0.900190088085813,0.00196177043980555
"251",0.00330562679215886,0.132948539702771,0.00204793652725284,0.0392617380106232,0.816114937842743,0.00632122112445125
"252",0.595030469482014,0.360399691922604,0.00550991566973154,0.000685202353825855,0.0382313367591889,0.000143383812635074
"253",2.6109576388334e-05,0.00421928074118553,6.43283287605975e-05,0.316924616519362,0.451232923041179,0.227532741793125
"254",0.000186768137597496,0.00274104160792404,4.18622840304388e-05,0.173698917245443,0.696921364532516,0.12641004619249
"255",5.79849464296798e-08,0.000233430251394167,3.63917071735472e-06,0.393211650439609,0.194893771504983,0.41165745064835
"256",6.7076709165348e-08,3.36309638583599e-06,5.2886509608667e-08,0.0289789630444517,0.964519534748729,0.00649801914721431
"257",3.03573568661631e-11,5.82925850848152e-06,9.62215942849053e-08,0.330213357251776,0.0123362086879998,0.657444508549764
"258",4.35393030024467e-12,2.11461585475576e-06,3.45057438783547e-08,0.13010418320581,0.000454313144208653,0.869439354524028
"259",3.38411389598024e-11,2.96511349148245e-07,4.94911606115699e-09,0.338934796953455,0.0175177617382794,0.643547139813959
"260",1.99004424147817e-08,2.01139730791361e-06,3.3377741129727e-08,0.142522525255213,0.777888774092063,0.0795866359772333
"261",1.56811607362202e-11,5.00991452950332e-07,9.27798771880628e-09,0.316947964706641,0.0158734555962078,0.66717806941203
"262",1.51615884877678e-08,1.49353885788828e-06,2.48405289919235e-08,0.115838538198086,0.821622992374371,0.0625369358865672
"263",7.76170604835147e-13,4.34931103186649e-07,7.34031011567594e-09,0.1141912617776,0.000426576178042502,0.885381719772168
"264",7.15679180866588e-12,1.29014711756578e-07,2.18308067636632e-09,0.113365180093258,0.00212716137738498,0.884507527324408
"265",5.98924426999387e-17,1.82750682779417e-09,3.26737860614863e-11,0.0315583907937179,3.92927419719646e-07,0.968441214418682
"266",1.09187209845209e-15,3.92081484124225e-09,7.90768536848605e-11,0.0584651045790069,3.53864081669599e-06,0.941531352780284
"267",1.44602400729136e-17,7.92346332507018e-11,1.63197884224717e-12,0.00992882489211187,7.55731031010481e-08,0.990071099453918
"268",8.04866007520905e-08,0.0704883137179308,0.00108159039109007,0.0213258242144173,0.906024221864413,0.00107996932554757
"269",0.000180903260591382,0.00187112062274248,2.84544920094112e-05,0.0387174790397686,0.950314190480372,0.00888785210451591
"270",1.08564693476167e-08,0.109029891313796,0.0017442640457618,0.0135395265910476,0.875154890846252,0.000531416346673022
"271",3.54225858869092e-05,0.514331895829048,0.0079036638637667,0.00554658798063165,0.471739938269359,0.000442491471307521
"272",0.272604053313966,0.263362078312499,0.00400209826015325,0.00726742816456787,0.451902415025967,0.000861926922847561
"273",3.41884049362046e-05,0.94020659809295,0.0143324055502076,0.000306818347406508,0.0451001984650342,1.97911394650751e-05
"274",0.00172081886908464,0.976004227596912,0.0147719837747132,0.000132564074286728,0.00736023021794692,1.01754670565368e-05
"275",0.00331015758341645,0.980124195103418,0.0148426499307348,8.79452028192617e-06,0.00171386092609637,3.41936052793858e-07
"276",0.808827863569239,0.18827834088128,0.00285495630523315,1.04718416619143e-06,3.77505417450178e-05,4.15183373707449e-08
"277",0.00372911992827482,0.980947289828747,0.0148414724864784,2.09139211207599e-05,0.000460525058286178,6.7877709242079e-07
"278",4.30196514320283e-07,0.112856059595077,0.00171374747443116,0.00976614523929062,0.875238691399986,0.000424926094700334
"279",7.4315792257081e-08,0.129823160526414,0.00199596135302782,0.00664516824684157,0.86125014817795,0.000285487379975088
"280",6.68308042027392e-05,0.138683762065378,0.00210496193810131,0.0235002586841676,0.83157970539666,0.00406448111149106
"281",4.17695829249432e-07,0.167792691296099,0.00261209866954363,0.00373188036004102,0.82570154800476,0.000161363973726793
"282",0.000752600004248944,0.0149533145115295,0.000226792476448766,0.0622410045372571,0.909361495235197,0.0124647932353186
"283",2.25461945862311e-05,0.865567080488113,0.0137640035849993,0.000337755218144008,0.120299454713015,9.15980114247815e-06
"284",0.539283834492087,0.441572752363494,0.00669800341175177,0.000169973190282931,0.0122619284029883,1.35081393962591e-05
"285",1.432728230959e-05,0.886762034816809,0.0134313949301698,0.000255793872794618,0.0995301675410435,6.28155687400883e-06
"286",0.000213471242182467,0.687780094850405,0.010416845840414,0.0187808868545467,0.280020736608845,0.00278796460360684
"287",9.69890289518078e-05,0.968152454331226,0.0146898921221036,3.25561040007871e-05,0.0170272508446811,8.57569036590139e-07
"288",2.47551064528776e-10,0.985062114118175,0.0148867551139681,4.85956223395011e-08,5.10794946447927e-05,2.43003903668711e-09
"289",0.00685363505671896,0.975961175224843,0.0147755251457801,4.78623403008842e-06,0.0024047754374614,1.0290116606873e-07
"290",0.0128433894514861,0.972231278466237,0.0147753641510889,3.01646026462817e-07,0.000149663204902587,3.08025859988212e-09
"291",0.0136586952885,0.970712376357763,0.0146834927918377,7.40909809126605e-05,0.000866287394876098,5.05718611060029e-06
"292",0.486867343962033,0.50543199715025,0.00768864431604536,1.93563912105619e-07,1.18199267033215e-05,1.08105572922485e-09
"293",0.991746148757408,0.00812866880128964,0.000123744355767196,8.19207262262563e-09,1.42944135198089e-06,4.52110523894173e-10
"294",0.897759243261478,0.1007004297088,0.00153979174391483,6.62546809964636e-09,5.28620814974701e-07,3.95243118879286e-11
"295",0.965475774754879,0.0339970152637793,0.000514998666284147,5.98068825011625e-07,1.15850698138038e-05,2.81764184311471e-08
"296",0.969529673130526,0.0300122851159493,0.000458007212260588,2.71572417565425e-10,3.42690410537278e-08,6.50462405028164e-13
"297",0.981574581726017,0.0181497547267085,0.000275645959141162,1.68874648496874e-10,1.74189609777572e-08,2.97481573560934e-13
"298",0.983855601447777,0.0159029243251222,0.000240907765636495,2.01569433736931e-08,5.46232483071375e-07,7.2037634704782e-11
"299",0.994923979943602,0.00499585975198716,7.57086673119816e-05,6.50165411580787e-08,4.38413788619967e-06,2.48267122706887e-09
"300",0.993539441545853,0.00636344626889143,9.65030264798835e-05,6.81853891626344e-09,6.02243176593518e-07,9.70605692806799e-11
"301",0.998874333706766,0.00110750020818542,1.68062135916859e-05,6.44109396587398e-09,1.35323256879545e-06,1.97794163758037e-10
"302",0.997182578560531,0.00277312711653794,4.20280577836078e-05,2.19765408898118e-08,2.24379412131422e-06,4.94485456641402e-10
"303",0.997950323537187,0.00201872346276726,3.08663913636209e-05,3.49805763951978e-10,8.6253730928013e-08,5.14571372609578e-12
"304",0.999509570642062,0.000481705484908113,7.31194539154289e-06,4.45350748399736e-09,1.40736530153811e-06,1.08829018285007e-10
"305",0.999691552020378,0.000303796652025107,4.64832571535643e-06,2.03024913819597e-12,2.99984623988696e-09,5.46382829191379e-15
"306",0.999889731304557,0.000108585912333544,1.65057272113665e-06,9.20768441724355e-12,3.22011409982816e-08,3.91054225012975e-14
"307",0.999965564791059,3.32898720064433e-05,5.09521103604189e-07,7.92874196338378e-10,6.35012123715011e-07,1.08325376187169e-11
"308",0.999917934224933,8.03432373145174e-05,1.21952418001191e-06,4.21607323267821e-10,5.02589854810704e-07,2.10992085323557e-12
"309",0.999893913646295,0.000104479808913428,1.59132511575577e-06,4.7944076061018e-12,1.52148671463099e-08,1.40212118945678e-14
"310",0.999962708876096,3.59215639907093e-05,5.49926095108459e-07,1.14178332956477e-09,8.18475656324656e-07,1.63783112619295e-11
"311",0.999956347325459,4.29439395613666e-05,6.53342204241952e-07,1.67729902786644e-11,5.53759379497303e-08,6.40376241197968e-14
"312",0.999990840072479,8.83544421754066e-06,1.37049059321387e-07,1.35114638526183e-10,1.87297160748891e-07,1.96855461583499e-12
"313",0.999983489402565,1.60835625700018e-05,2.45981888310641e-07,8.94033162210928e-11,1.8096300217686e-07,5.71389676241623e-13
"314",0.999993898996559,5.8147830630768e-06,9.03867126071782e-08,1.1974147930201e-10,1.95712908825283e-07,1.01542292860525e-12
"315",2.01032867967852e-05,0.000384418042993418,6.20900458562295e-06,0.00592193009984991,0.99356265933566,0.000104680230113796
"316",0.963077133647783,0.0360323630660322,0.000550506881852943,1.15973662861801e-06,0.000338740737591073,9.59301121361397e-08
"317",8.21692730962798e-08,2.09796380240234e-05,3.3112198784614e-07,0.00569143570277302,0.994231949021773,5.52223461687701e-05
"318",1.68106302281692e-07,0.000552903376165688,8.61209607658825e-06,0.0172714780723528,0.981147172804901,0.00101966554420172
"319",2.66344374584224e-05,0.0386710510582021,0.000590221104770159,0.0320216917335998,0.921051751734785,0.00763864993118504
"320",1.97980390918809e-07,0.000797061350900208,1.26186732257303e-05,0.019099609703627,0.978772870486967,0.00131764180488888
