"","(1,R1)","(2,R1)","(3,R1)"
"1",0.0085520345347759,0.981897208041978,0.00955075742324601
"2",0.00294415043381044,0.99084559410057,0.00621025546561997
"3",0.0112096953044981,0.981765130290494,0.00702517440500798
"4",0.98842460012951,0.0115509580792706,2.444179121946e-05
"5",0.000888408074662764,0.990167371886834,0.0089442200385028
"6",0.00265107922016233,0.987956686033031,0.00939223474680626
"7",0.000554096239790834,0.989521851710182,0.00992405205002743
"8",0.00220401380470308,0.988938420453628,0.00885756574166878
"9",0.00013637186487054,0.996481100881629,0.00338252725350054
"10",0.000404537695599071,0.987667537817868,0.0119279244865332
"11",0.00160462947076347,0.984970884973911,0.0134244855553258
"12",0.00292690983020305,0.987327468357965,0.00974562181183215
"13",1.84452075334187e-06,0.999763279675815,0.000234875803431263
"14",1.36517308614476e-07,0.999898469671286,0.000101393811405183
"15",1.35550881771558e-07,0.999659506977045,0.000340357472073274
"16",1.61370182009868e-06,0.998560290768161,0.00143809553001905
"17",6.90263073857515e-05,0.991702984465132,0.00822798922748218
"18",8.24524795887086e-05,0.965358626690875,0.0345589208295361
"19",4.91464861205449e-05,0.995560701554573,0.00439015195930623
"20",6.08702396825108e-05,0.997135764663232,0.00280336509708576
"21",0.000275553721701927,0.995857278464672,0.00386716781362581
"22",0.00319162731596951,0.992363163831909,0.00444520885212186
"23",0.000760903645381922,0.991277081681618,0.00796201467299999
"24",0.00221606505448363,0.992960758319809,0.00482317662570764
"25",0.00267837986291094,0.990486459861915,0.00683516027517396
"26",0.0212885353148417,0.974776190615649,0.00393527406950912
"27",0.0290109361122825,0.967524280718319,0.00346478316939832
"28",0.0473812129372606,0.946650363000716,0.00596842406202306
"29",0.0465511215918899,0.951054327593547,0.00239455081456353
"30",9.21147447226946e-07,0.999299211167727,0.000699867684825299
"31",9.32760537781553e-06,0.997267330366421,0.00272334202820148
"32",3.67235652998511e-05,0.996720778120575,0.00324249831412485
"33",1.63998252320046e-06,0.997012513063677,0.00298584695380005
"34",0.000109236599640107,0.99113084289585,0.00875992050450953
"35",1.33317822245328e-06,0.999816550681577,0.000182116140200478
"36",3.71663343775577e-06,0.99671603694064,0.00328024642592198
"37",7.1539554630771e-05,0.993533846857686,0.0063946135876828
"38",1.32417654188489e-05,0.996097301290251,0.00388945694432976
"39",2.24604732713171e-05,0.997493166148031,0.00248437337869792
"40",1.24359235808855e-05,0.996845797002658,0.00314176707376147
"41",9.82538655015386e-07,0.998211443505356,0.00178757395598905
"42",1.29147610102253e-05,0.998093557270954,0.00189352796803568
"43",6.98704942597146e-07,0.998146335645604,0.00185296564945342
"44",1.28201575562336e-05,0.997887748203243,0.00209943163920118
"45",1.19712983472855e-05,0.9954657374602,0.00452229124145313
"46",2.7849633787597e-06,0.998391248071305,0.00160596696531597
"47",2.60667811127303e-05,0.993193121217354,0.00678081200153301
"48",6.79815359587688e-05,0.990979729421609,0.00895228904243275
"49",7.79537189874032e-06,0.998716946489193,0.00127525813890867
"50",1.19790730470788e-05,0.996090999239292,0.00389702168766118
"51",5.06748636704152e-05,0.994691004736122,0.00525832040020786
"52",3.11086548546767e-05,0.994404301958463,0.00556458938668268
"53",3.08944964801249e-05,0.995738632592081,0.00423047291143944
"54",0.000183419421866925,0.998527179885912,0.00128940069222127
"55",0.00932048362969747,0.988661021539111,0.00201849483119113
"56",0.0383628869642196,0.95777972406063,0.00385738897514982
"57",0.0292633207953531,0.96686966324856,0.00386701595608652
"58",1.07275164989396e-05,0.998075964971941,0.00191330751156028
"59",6.39756268085605e-06,0.999167069382992,0.000826533054327572
"60",1.06648551563623e-06,0.998792864821615,0.00120606869286904
"61",1.14368518572536e-05,0.997824288294976,0.00216427485316637
"62",1.00866730553209e-05,0.998360474989602,0.0016294383373425
"63",2.10600950920914e-06,0.998907007810627,0.00109088617986416
"64",1.20478746456912e-05,0.998047681564693,0.00194027056066153
"65",2.63497352826429e-06,0.999244732054922,0.000752632971549471
"66",1.5463136497354e-06,0.99945520752052,0.00054324616583039
"67",1.16369986691253e-06,0.999757411609822,0.000241424690310743
"68",1.21521916334498e-05,0.999811192042193,0.000176655766173895
"69",0.0182978783030537,0.976441701773151,0.00526041992379522
"70",1.3992932594195e-06,0.999854998120787,0.000143602585953515
"71",3.73005770234591e-05,0.997008856070446,0.0029538433525306
"72",2.34942182635068e-08,0.999940206967221,5.97695385602935e-05
"73",6.5278984882172e-07,0.999735887882769,0.000263459327381764
"74",0.000182348703969852,0.981601690495606,0.0182159608004241
"75",3.04825497560938e-06,0.999701751075693,0.000295200669331409
"76",5.76578275151477e-07,0.998650955444121,0.00134846797760433
"77",5.12712123091367e-05,0.995125523823818,0.00482320496387308
"78",9.79003846029053e-05,0.991991185103685,0.00791091451171169
"79",1.14753245267646e-05,0.997135355486632,0.00285316918884161
"80",0.0549148066738817,0.915841305180243,0.0292438881458758
"81",1.12811311482781e-06,0.996696154328706,0.00330271755817895
"82",5.15241376958743e-06,0.99535107807119,0.00464376951503999
"83",0.000133100292175275,0.977764063856363,0.0221028358514618
"84",0.000122184673606895,0.990194725461125,0.00968308986526787
"85",2.13860703270079e-05,0.995192243101711,0.00478637082796249
"86",1.97343321855637e-05,0.997533188820785,0.00244707684702974
"87",4.72607285926083e-06,0.996332156457876,0.00366311746926443
"88",2.30606812599626e-05,0.996470648773433,0.00350629054530697
"89",2.16729824071692e-05,0.995721176832416,0.00425715018517644
"90",0.00312165073949445,0.996274334615473,0.000604014645032299
"91",0.00176840449365069,0.993563810009338,0.004667785497011
"92",0.0379561371894101,0.948598571612122,0.0134452911984677
"93",0.000239985358218894,0.993139699996411,0.00662031464537048
"94",9.32601443180459e-05,0.99176765456235,0.00813908529333192
"95",0.0789088154187795,0.920731940671985,0.000359243909234874
"96",0.000555481047774716,0.996426244047379,0.00301827490484626
"97",0.902498282196767,0.0974649652952603,3.67525079725908e-05
"98",0.99846233093641,0.00153748903673347,1.80026857035093e-07
"99",0.999667591977164,0.000331857503901294,5.50518934520666e-07
"100",0.999932624997051,6.73667376365136e-05,8.26531237428816e-09
"101",0.999997131206691,2.86863147497138e-06,1.61833989760354e-10
"102",0.999990791635935,9.20648807096764e-06,1.87599381778211e-09
"103",0.999983747257158,1.62472329799568e-05,5.50986224789891e-09
"104",0.999981665901469,1.83271935670601e-05,6.90496420300198e-09
"105",0.999996872394276,3.12737428419374e-06,2.31440052004819e-10
"106",0.999988575613254,1.14216048554211e-05,2.78189059159861e-09
"107",0.999996515640621,3.48406352893521e-06,2.95850532472436e-10
"108",0.999985393093812,1.4602571563662e-05,4.33462431542359e-09
"109",0.999995781204632,4.21838821621508e-06,4.07152146840139e-10
"110",2.76743434341924e-07,0.999875383582455,0.000124339674110488
"111",0.00018603694859931,0.988531664018478,0.011282299032923
"112",1.60020531335063e-08,0.999889333335431,0.00011065066251598
"113",7.41594610620192e-07,0.999400943017267,0.000598315388122312
"114",7.75580001913196e-06,0.997129518135737,0.00286272606424341
"115",9.50482794668589e-05,0.992065204169877,0.00783974755065609
"116",6.32486637480393e-06,0.996722806327622,0.00327086880600333
"117",7.67849743589569e-05,0.992826866725319,0.00709634830032234
"118",8.12940934825081e-06,0.996731348007435,0.00326052258321623
"119",0.000824241754593181,0.99382168250698,0.00535407573842653
"120",3.42929789549519e-06,0.996204945607345,0.00379162509475984
"121",2.90283442282901e-05,0.995095660575783,0.00487531107998839
"122",2.95883905905839e-05,0.991046053316044,0.00892435829336502
"123",2.76332274838038e-06,0.998337147507588,0.00166008916966339
"124",0.00012453531727968,0.990794188827663,0.00908127585505775
"125",3.73464395411833e-06,0.997883710941204,0.00211255441484199
"126",8.25716231529286e-05,0.993084394090176,0.00683303428667151
"127",4.00641368946985e-06,0.997562309475004,0.00243368411130672
"128",8.1885834304085e-05,0.99270216850625,0.00721594565944633
"129",7.84994076545354e-07,0.997658666861844,0.0023405481440791
"130",5.11682324813717e-05,0.994453599610433,0.00549523215708544
"131",3.00735600097459e-06,0.997442385558007,0.00255460708599212
"132",7.31958209980942e-06,0.996818592398114,0.00317408801978577
"133",1.58130977052629e-05,0.997836131702899,0.00214805519939577
"134",2.64019562367133e-05,0.99573984911271,0.0042337489310531
"135",2.68298944280469e-08,0.99975478867289,0.000245184497216025
"136",2.39103476847028e-06,0.995866165259445,0.00413144370578637
"137",1.26766981602636e-05,0.992056245025559,0.00793107827628097
"138",6.8791354268941e-05,0.98600193519435,0.0139292734513807
"139",6.48547752293653e-05,0.990653249379255,0.00928189584551571
"140",7.80962800222618e-07,0.992754792074811,0.0072444269623889
"141",0.000105141358265245,0.989688366982547,0.0102064916591879
"142",4.70442053110684e-07,0.991342832053353,0.00865669750459356
"143",1.28717562835626e-05,0.991882983857157,0.00810414438655943
"144",1.20799256771676e-05,0.994224846251252,0.00576307382307049
"145",3.07985604065014e-05,0.994758355570953,0.00521084586864017
"146",2.89062433850178e-05,0.995410055482082,0.0045610382745326
"147",4.96489477518557e-06,0.959372425399155,0.0406226097060695
"148",1.00572219690617e-05,0.997651561797474,0.00233838098055671
"149",2.01830729659119e-06,0.945123904002944,0.0548740776897594
"150",3.58546943405723e-05,0.960716703185783,0.039247442119876
"151",1.59721952143237e-05,0.853392670584647,0.146591357220139
"152",1.06640796780258e-06,0.322513373403932,0.677485560188101
"153",0.000348504424682372,0.993897225198279,0.00575427037703869
"154",1.91868445654669e-08,0.999557199553041,0.000442781260114468
"155",1.13871460409311e-06,0.999093947056403,0.000904914228992889
"156",7.11034181837138e-06,0.997271380866574,0.00272150879160746
"157",8.67810320960249e-05,0.992316940115533,0.00759627885237106
"158",1.9095038312771e-06,0.997647748176482,0.0023503423196867
"159",5.94521066398582e-05,0.993952623493431,0.00598792439992928
"160",3.05956177055657e-06,0.997683973328425,0.00231296710980425
"161",4.06013458886678e-05,0.995446830881994,0.00451256777211762
"162",4.12716953500383e-06,0.997473582576843,0.0025222902536216
"163",2.43033712665734e-05,0.996387787090006,0.00358790953872778
"164",2.43620253307958e-05,0.996401365196867,0.00357427277780219
"165",1.73692897376358e-06,0.99755346725014,0.00244479582088596
"166",9.55707639747714e-06,0.995491730600577,0.00449871232302492
"167",5.99185070844405e-05,0.993919522579932,0.00602055891298388
"168",1.3915541304174e-05,0.993764069592101,0.0062220148665944
"169",7.59340305130246e-06,0.970177903192673,0.0298145034042752
"170",4.21685885730711e-06,0.996463963471912,0.00353181966923051
"171",1.77933653783982e-05,0.996802435486087,0.00317977114853407
"172",9.94895352762237e-06,0.996332298259923,0.00365775278654949
"173",5.52468752610811e-06,0.995421214340116,0.00457326097235834
"174",6.6533946889704e-07,0.994739424758706,0.00525990990182536
"175",2.44299771147815e-05,0.99099837440606,0.00897719561682505
"176",7.45005484859659e-06,0.968344011102901,0.03164853884225
"177",4.86925776904153e-05,0.992901939987919,0.00704936743439084
"178",1.45463803758968e-06,0.993568165073079,0.00643038028888384
"179",3.15515726649531e-06,0.966090666975417,0.0339061778673168
"180",6.64593836648015e-07,0.992016540613218,0.00798279479294493
"181",4.99512327858493e-06,0.995173653683811,0.00482135119291038
"182",1.18666010336627e-06,0.996787459599072,0.00321135374082449
"183",2.65126100138781e-05,0.992296679392152,0.00767680799783408
"184",2.54350883840422e-06,0.997946068444786,0.00205138804637522
"185",2.55215305792299e-06,0.998580190749758,0.00141725709718449
"186",1.52248671450624e-06,0.999194130366764,0.000804347146521036
"187",2.68772101743267e-06,0.999553422197464,0.000443890081518222
"188",9.12024527550388e-07,0.999285742789762,0.000713345185710664
"189",2.83813645875513e-06,0.999409327293743,0.000587834569797807
"190",2.79305528344187e-06,0.997802508739387,0.0021946982053294
"191",3.13465826803193e-06,0.978087339646101,0.0219095256956306
"192",7.89944291803615e-07,0.994739192424092,0.00526001763161662
"193",4.11169730635563e-06,0.996394673101751,0.00360121520094247
"194",9.783338646269e-06,0.99653303271432,0.00345718394703414
"195",3.81854571012013e-07,0.998867802092494,0.00113181605293457
"196",1.68686490329288e-05,0.997579480104093,0.00240365124687393
"197",0.000218854579122946,0.995938334612472,0.00384281080840474
"198",1.96198816941926e-07,0.999640626685392,0.000359177115791475
"199",3.77032504106615e-07,0.999715606259621,0.000284016707874954
"200",7.5916969658008e-06,0.998896616947658,0.00109579135537596
"201",6.24837184953993e-07,0.999639137689408,0.000360237473406643
"202",3.99337712829061e-06,0.999369828467943,0.00062617815492834
"203",4.38353180614828e-06,0.999215477783317,0.000780138684877174
"204",1.57854935013109e-07,0.999731509951096,0.000268332193968847
"205",1.3681865884289e-06,0.99924233886088,0.000756292952531389
"206",5.83135912558643e-06,0.997158295281424,0.00283587335945068
"207",9.31908567922965e-07,0.999619985084109,0.000379083007323288
"208",4.61059800429471e-06,0.999272536122669,0.000722853279326585
"209",5.36698821769203e-06,0.999133401219891,0.000861231791891512
"210",1.25511729586402e-07,0.997678141493851,0.00232173299441953
"211",1.4976632657657e-05,0.996202847585722,0.0037821757816201
"212",7.2424451968129e-05,0.993779250316982,0.0061483252310494
"213",4.01145946786795e-06,0.996505642268037,0.00349034627249494
"214",5.25772944113264e-05,0.990843264411395,0.00910415829419343
"215",3.06607944506065e-06,0.997969539975437,0.00202739394511832
"216",6.65033180825819e-07,0.998788142956541,0.00121119201027814
"217",8.16309673920545e-05,0.997883504666536,0.00203486436607195
"218",3.24591800028561e-05,0.997034395218501,0.00293314560149598
"219",3.4044824648569e-06,0.998649759732182,0.00134683578535269
"220",1.84076021251523e-05,0.997310435226934,0.00267115717094091
"221",8.443604030442e-05,0.998245623894136,0.00166994006555951
"222",3.93153201050997e-06,0.994798962717637,0.00519710575035288
"223",9.69871119574736e-07,0.88185380219569,0.11814522793319
"224",1.17390939239311e-06,0.930954231787368,0.0690445943032393
"225",2.16572472163709e-05,0.951787556118642,0.0481907866341421
"226",0.00122144460453204,0.976083635605097,0.0226949197903706
"227",2.27709140412335e-05,0.975245190051646,0.0247320390343131
"228",1.89299154004676e-05,0.981301051840836,0.0186800182437631
"229",6.11389936470765e-06,0.95148157125863,0.0485123148420051
"230",4.00038838289032e-05,0.990635130039286,0.00932486607688494
"231",1.06416534259612e-05,0.967958866552516,0.0320304917940583
"232",3.70088975079658e-05,0.973878164211328,0.0260848268911641
"233",2.55406783837529e-05,0.992913497347482,0.00706096197413415
"234",1.77780631390582e-09,0.00434939887986851,0.995650599342325
"235",7.49882795197811e-09,0.00194984063768307,0.998050151863489
"236",3.21757296344897e-10,0.000190626987911327,0.999809372690331
"237",6.33767763413788e-08,0.0132742184187575,0.986725718204466
"238",9.73991395946852e-07,0.890902959866769,0.109096066141835
"239",1.24653109567248e-09,0.000466609335474233,0.999533389417995
"240",1.35649380792479e-09,0.00235945872353673,0.997640539919969
"241",3.92756280203901e-07,0.0278221710250669,0.972177436218653
"242",1.93774067539838e-09,0.00395244200413632,0.996047556058123
"243",5.00682900685432e-07,0.0794663771222842,0.920533122194815
"244",8.12400287531132e-08,0.09857681144752,0.901423107312451
"245",8.16645008966168e-06,0.749550892802622,0.250440940747289
"246",2.65697290647945e-08,0.00755818125890236,0.992441792171369
"247",3.29957070752533e-07,0.051035696408851,0.948963973634078
"248",6.34660999112656e-07,0.0968222385766186,0.903177126762382
"249",2.49663878098799e-07,0.0974416939668846,0.902558056369237
"250",0.000769374378325972,0.995723035170907,0.00350759045076653
"251",0.0135200459519479,0.974585546795445,0.0118944072526072
"252",0.925580420634898,0.0739728297078489,0.00044674965725262
"253",0.000102727328127668,0.705761700197759,0.294135572474113
"254",0.000299555060038401,0.830532834174722,0.169167610765239
"255",6.859200419118e-07,0.471959609166753,0.528039704913205
"256",4.9863718582244e-07,0.985490493786938,0.014509007575876
"257",2.51437034493473e-09,0.080469106531592,0.919530890954038
"258",9.15773019720778e-10,0.00375865351466804,0.996241345569559
"259",2.00639048041361e-09,0.0880172758566992,0.91198272213691
"260",2.98197683482688e-07,0.848506649077368,0.151493052724949
"261",1.59563050622176e-09,0.0849676985493992,0.91503229985497
"262",2.23960019452368e-07,0.880481184414287,0.119518591625694
"263",1.70433117490206e-10,0.00522177267471461,0.994778227154852
"264",7.12093554737711e-10,0.00875011527336967,0.991249884014537
"265",4.49058875063308e-14,1.05029546159513e-05,0.999989497045339
"266",2.05674930093973e-12,0.000141156031871429,0.999858843966072
"267",5.5899340193563e-15,7.10506439284379e-07,0.999999289493555
"268",0.00112949901076955,0.997209610551539,0.00166089043769106
"269",0.000122659152212186,0.992641131998695,0.00723620884909331
"270",0.00479206020805368,0.994439194221232,0.000768745570714082
"271",0.515273965033732,0.484194878073338,0.00053115689293004
"272",0.518238675442642,0.480721444571424,0.00103987998593488
"273",0.967066659355265,0.0329042722759703,2.90683687646608e-05
"274",0.978300407718861,0.0216467277813891,5.28644997498982e-05
"275",0.998428960873237,0.00157001260721152,1.02651955144682e-06
"276",0.999947280249266,5.26924319614722e-05,2.73187722885925e-08
"277",0.998449921342285,0.0015485101283533,1.56852936165022e-06
"278",0.00471932311617168,0.994685360396032,0.000595316487796584
"279",0.00586770931633545,0.993706487109934,0.000425803573730767
"280",0.00487276892153797,0.9880427056594,0.00708452541906226
"281",0.0182003076972433,0.981529135112366,0.000270557190391122
"282",0.00178387382159064,0.990454518860166,0.00776160731824297
"283",0.653995159540858,0.34595500869002,4.98317691216687e-05
"284",0.949394966074182,0.0504934498931842,0.000111584032633535
"285",0.663125486188573,0.336815326905735,5.91869056915421e-05
"286",0.282479831128779,0.714757313739991,0.00276285513122967
"287",0.865121364345687,0.134858329865255,2.03057890584239e-05
"288",0.813344830587421,0.186630612492619,2.45569199596025e-05
"289",0.987135348911863,0.0128628677806497,1.78330748719114e-06
"290",0.999551007077098,0.000448963373945915,2.95489561158261e-08
"291",0.998768330925107,0.00122982652958049,1.84254531274016e-06
"292",0.99996475284623,3.52447983989893e-05,2.35537072712021e-09
"293",0.999994500528092,5.49882535097493e-06,6.46557025916411e-10
"294",0.999999448519358,5.51473599776151e-07,7.04251242562166e-12
"295",0.999973899619382,2.60873328135246e-05,1.30478040099415e-08
"296",0.999999933249431,6.67504392902612e-08,1.29997395007847e-13
"297",0.99999995165263,4.83472559759634e-08,1.14329473890998e-13
"298",0.999998507688802,1.49226233542671e-06,4.88623860057543e-11
"299",0.999981166164551,1.88266846553064e-05,7.15079386670417e-09
"300",0.999997644220841,2.35563721323487e-06,1.41945454203194e-10
"301",0.999990287344191,9.71056833393558e-06,2.08747547085204e-09
"302",0.99998927500189,1.07225647298201e-05,2.43338061311933e-09
"303",0.99999930474924,6.95238239433366e-07,1.25205357039842e-11
"304",0.999990448288097,9.54969743319695e-06,2.01446991227401e-09
"305",0.999999951660551,4.83393788589865e-08,6.96756250702501e-14
"306",0.999999759686308,2.40311666956836e-07,2.02453613162641e-12
"307",0.999994825872978,5.17350152926848e-06,6.25492678188618e-10
"308",0.999997286870787,2.71296428556664e-06,1.64927560562703e-10
"309",0.999999844207968,1.55791352784165e-07,6.7933699415019e-13
"310",0.999993887462001,6.1116802403129e-06,8.57759171429326e-10
"311",0.999999503572801,4.96420672119171e-07,6.52644779632824e-12
"312",0.999997383264121,2.61656724246851e-06,1.6863676416193e-10
"313",0.999998471724153,1.52821745251428e-06,5.8394850882179e-11
"314",0.999997848904695,2.15097945071334e-06,1.15854787946715e-10
"315",0.000125425180369429,0.999740715408431,0.000133859411199184
"316",0.997599650559971,0.0023988227114768,1.52672855249152e-06
"317",9.86392568857422e-07,0.999950440810258,4.85727971727183e-05
"318",1.42432716817468e-05,0.998450789199084,0.00153496752923417
"319",0.00283589711346216,0.986100541775563,0.0110635611109744
"320",3.48549159053346e-05,0.998215787549071,0.00174935753502396
"321",0.0836146079683438,0.916042888377518,0.000342503654138163
"322",1.02048505346858e-06,0.99803167179656,0.00196730771838613
"323",3.31922946431495e-05,0.995092303590871,0.00487450411448599
"324",0.00182897073596573,0.984306816090999,0.0138642131730358
"325",9.69493127189952e-05,0.991348783428273,0.00855426725900841
"326",1.48839389979459e-06,0.997831823968455,0.0021666876376454
"327",2.81948126848868e-05,0.993730796542423,0.00624100864489167
"328",4.27588784738653e-05,0.993001687258046,0.0069555538634804
"329",4.05082954743219e-06,0.997180977837154,0.0028149713332981
"330",2.43233817935269e-05,0.991496589652417,0.00847908696578921
"331",2.31472812548713e-05,0.99374794928958,0.0062289034291647
"332",7.21838530754386e-06,0.996956659454083,0.00303612216060921
"333",4.97691761238912e-06,0.997231576907258,0.00276344617512956
"334",3.84171204286253e-06,0.997711720600015,0.00228443768794185
"335",1.18901888622224e-05,0.998313442295923,0.00167466751521504
"336",8.67866514304843e-06,0.997573566349082,0.00241775498577508
"337",0.000403877686106168,0.994956198621925,0.00463992369196937
"338",1.00200196813449e-05,0.998214027843349,0.00177595213696961
"339",8.9753888776496e-08,0.999966183134076,3.37271120352631e-05
"340",0.00097440836354345,0.996717397647071,0.00230819398938537
"341",8.13310555732231e-06,0.999293180284286,0.000698686610156855
"342",0.0124607878096032,0.985117468308208,0.00242174388218851
"343",0.927955580306304,0.0718033892988536,0.000241030394842762
"344",5.87162169807345e-05,0.993485526872397,0.00645575691062217
"345",4.26277153687603e-05,0.989852999767476,0.0101043725171556
"346",1.62831274200944e-05,0.993103349796193,0.00688036707638739
"347",2.86257633850484e-05,0.990027018526378,0.00994435571023749
"348",6.31413537059308e-08,0.999964210745172,3.57261134747458e-05
"349",0.000236021451993591,0.988062790939976,0.0117011876080302
"350",1.73142205230296e-06,0.999961017667673,3.72509102742577e-05
"351",0.0374457242506599,0.955439432258528,0.00711484349081178
"352",1.90057575598208e-06,0.99995859464553,3.9504778713691e-05
"353",0.00180576681045103,0.995327167582798,0.00286706560675131
"354",1.7065463362679e-05,0.99995996042567,2.29741109672674e-05
"355",0.409677205328863,0.587549642635815,0.00277315203532131
"356",0.988904151027105,0.0110764999868997,1.93489859949187e-05
"357",0.4184438326201,0.581400031577722,0.000156135802177862
"358",9.49191805517335e-07,0.999981466441526,1.7584366668389e-05
"359",3.21265937026929e-05,0.994545241610751,0.00542263179554618
"360",1.85656032749015e-05,0.996833840109825,0.00314759428690043
"361",2.25036258767119e-05,0.995795874632424,0.00418162174169912
"362",2.66134459889507e-09,0.999990949407559,9.04793109691048e-06
"363",6.24012749821322e-08,0.999985739619784,1.41979789413662e-05
"364",0.000342550529530747,0.998762176655174,0.000895272815295211
"365",0.0521719676212379,0.933350782590641,0.014477249788121
"366",0.000451900921223817,0.998784430191709,0.000763668887067222
"367",0.129297647191156,0.866449314806562,0.00425303800228129
"368",0.998515958850262,0.00148359630780951,4.44841928452977e-07
"369",0.130625315693581,0.862631700227043,0.00674298407937565
"370",0.0546964342093872,0.916399715807732,0.0289038499828805
"371",0.77723145284039,0.22087164798858,0.00189689917102955
"372",0.999914615185926,8.53792426625453e-05,5.57141118377189e-09
"373",3.99218537201739e-05,0.999133930335129,0.000826147811150984
"374",1.02692395998301e-05,0.998977377811625,0.00101235294877533
"375",2.61523542930558e-06,0.999188505884318,0.000808878880252596
"376",7.85173277722971e-05,0.997831057760473,0.00209042491175463
"377",5.53145738880551e-06,0.997211287130109,0.00278318141250181
"378",6.1255777021801e-05,0.993675439125207,0.00626330509777124
"379",1.44164237710021e-05,0.996007319669896,0.00397826390633315
"380",7.55232721240505e-06,0.998989848125815,0.0010025995469727
"381",3.85743209961989e-05,0.994879562333505,0.00508186334549871
"382",6.70634315958713e-06,0.998420984962977,0.00157230869386349
"383",3.90500150967828e-05,0.995085712711574,0.00487523727332932
"384",1.3600971047605e-05,0.997436945148887,0.0025494538800656
"385",9.14447049334781e-05,0.997893174463185,0.00201538083188146
"386",0.000655299330116954,0.997477321535334,0.0018673791345495
"387",7.29094931531662e-06,0.999249645180987,0.000743063869697307
"388",0.0118019006002988,0.986408825868482,0.00178927353121911
"389",0.984449830224568,0.0155372698038325,1.28999715990396e-05
"390",4.61425851661781e-06,0.999870142833193,0.000125242908290445
"391",2.08780419862814e-07,0.999965473067241,3.43181523392688e-05
"392",0.00291081662619013,0.985730723072258,0.0113584603015522
"393",6.20930868313877e-09,0.999969239926693,3.07538639979502e-05
"394",3.12724087329916e-08,0.999593188314511,0.000406780413080472
"395",1.79548092082508e-05,0.962329564391368,0.0376524807994238
"396",5.8528805085278e-05,0.839756667553103,0.160184803641812
"397",0.000113146458926465,0.979741015090121,0.0201458384509525
"398",4.53803852759503e-08,0.999602800647379,0.000397153972235442
"399",4.92073648078893e-07,0.998877534439432,0.00112197348691984
"400",2.94628373201758e-06,0.998175637473086,0.00182141624318246
"401",7.32687610956317e-05,0.99361873043752,0.00630800080138442
"402",6.28009736914431e-06,0.99601081629702,0.00398290360561094
"403",4.93192649243016e-05,0.993596779600464,0.00635390113461211
"404",6.16786660857212e-05,0.993186262236002,0.00675205909791212
"405",1.39988157596643e-06,0.998438566394648,0.0015600337237762
"406",8.33731299289084e-06,0.996864230262031,0.00312743242497654
"407",4.1070022461508e-05,0.995693040496843,0.00426588948069508
"408",7.97771764369872e-06,0.994273288761114,0.00571873352124273
"409",1.50113003679054e-05,0.997740057016274,0.00224493168335778
"410",2.16906285056761e-05,0.991991195306989,0.00798711406450555
"411",1.3450427258364e-05,0.997160068199587,0.00282648137315427
"412",6.14029686367892e-06,0.997281150408189,0.00271270929494783
"413",8.1389542283946e-06,0.997623956953653,0.00236790409211815
"414",4.78404164313782e-06,0.99595671759924,0.00403849835911648
"415",1.2798687791862e-05,0.998222374901153,0.0017648264110554
"416",0.000414258357601843,0.997976304459278,0.00160943718311983
"417",3.64373842324804e-06,0.998825787989449,0.00117056827212755
"418",3.76241954271763e-06,0.999077867085583,0.000918370494874043
"419",1.61537412088121e-06,0.999275076916362,0.000723307709517426
"420",8.19303843374344e-06,0.951562389880482,0.0484294170810841
"421",2.09309120614979e-05,0.845375843743886,0.154603225344053
"422",1.53934617651959e-05,0.659306890934077,0.340677715604158
"423",2.38762204915846e-06,0.357945348659472,0.642052263718479
"424",6.85635383650077e-06,0.984897804782639,0.0150953388635247
"425",2.79798282961755e-05,0.988312255069333,0.0116597651023713
"426",2.52576249037407e-06,0.992403318924124,0.00759415531338544
"427",2.24060999781295e-06,0.993845882387386,0.00615187700261611
"428",7.68779014081462e-06,0.997787991939161,0.00220432027069816
"429",5.99292807701553e-07,0.999872113910043,0.000127286797149183
"430",6.58219501534586e-05,0.999448331961595,0.000485846088251991
"431",0.721513193954192,0.277721886426419,0.000764919619389533
"432",1.14415748760031e-06,0.999749111459774,0.000249744382738804
"433",3.52696607053641e-07,0.999520164909699,0.000479482393693446
"434",5.77974911309595e-07,0.999049131960094,0.000950290064994238
"435",2.18456763703894e-05,0.996505913814656,0.00347224050897315
"436",2.26443125792461e-05,0.997178358686205,0.00279899700121614
"437",2.90985634301582e-05,0.99641643377789,0.00355446765867939
"438",3.21425014002415e-06,0.998426683901396,0.00157010184846398
"439",4.36347649606984e-07,0.999945348746838,5.42149055120257e-05
"440",3.37929989172517e-06,0.997496517152289,0.00250010354781912
"441",3.74023254702091e-05,0.995262012193312,0.00470058548121752
"442",3.95851576761074e-05,0.995167408003491,0.00479300683883319
"443",8.7214690796732e-07,0.999325026690835,0.000674101162257419
"444",8.0702477047864e-05,0.993541745191654,0.00637755233129797
"445",9.27817873498628e-07,0.999152287497216,0.000846784684910111
"446",5.59937373755625e-05,0.994770430316482,0.00517357594614263
"447",5.46169641692952e-07,0.999158460483905,0.000840993346453794
"448",4.85149911415182e-05,0.995295872892718,0.00465561211614085
"449",6.24090665112666e-07,0.998990271501482,0.00100910440785242
"450",2.69444478080601e-05,0.996873448735186,0.00309960681700599
"451",1.11286684662111e-06,0.998548624201846,0.00145026293130751
"452",2.40587514455412e-05,0.9968147352105,0.00316120603805418
"453",1.5412757325226e-05,0.997426056382724,0.00255853085995073
"454",3.25404530412314e-07,0.999686269161754,0.000313405433715383
"455",1.02962143783409e-05,0.996609269171073,0.00338043461454826
"456",5.05511692582995e-05,0.994029198182067,0.00592025064867499
"457",1.27354254189325e-05,0.997209119910225,0.00277814466435595
"458",2.07538748472849e-05,0.99642901305012,0.00355023307503267
"459",0.000428526676459196,0.996073108791835,0.00349836453170563
"460",2.1680675219293e-07,0.999559554513299,0.000440228679949197
"461",1.63814589985411e-07,0.99781140549457,0.00218843069083962
"462",9.28933011520252e-07,0.994809205885789,0.00518986518119932
"463",1.04707727471959e-05,0.964465902983181,0.0355236262440714
"464",4.43351686556705e-05,0.976288099909079,0.0236675649222649
"465",9.55878791865726e-06,0.701490692116796,0.298499749095286
"466",3.82582651723988e-05,0.992285811279072,0.00767593045575594
"467",2.15996292395794e-05,0.990659608164361,0.00931879220639992
"468",1.42161806155308e-05,0.997961312257924,0.00202447156146092
"469",2.54423084199044e-06,0.998191724111741,0.00180573165741717
"470",1.10789140332916e-06,0.998572577508151,0.00142631460044533
"471",0.00109585657785904,0.99034314561803,0.00856099780411059
"472",1.30138527946675e-06,0.998746608963346,0.00125208965137479
"473",7.25441283736855e-07,0.999242531880449,0.000756742678267585
"474",3.72104232493938e-05,0.997806245245964,0.00215654433078665
"475",0.000863296562444875,0.997637064855404,0.00149963858215134
"476",0.0101248988256181,0.989096450364274,0.000778650810107753
"477",8.00002201126538e-07,0.999423877197776,0.000575322800022629
"478",5.34107566226692e-07,0.999486935084419,0.000512530808014824
"479",0.000144340540994988,0.998147943068246,0.0017077163907589
"480",0.00360722814196451,0.99507385104231,0.00131892081572506
"481",0.995918535023166,0.00408077361694109,6.91359893033883e-07
"482",0.000406635262816198,0.996202294138007,0.00339107059917662
"483",1.29939986801902e-06,0.999376684359299,0.000622016240832652
"484",1.55623164018647e-05,0.997952905590857,0.00203153209274102
"485",6.1374790436244e-07,0.999383048866365,0.000616337385730274
"486",8.48934980075989e-06,0.996826023211836,0.00316548743836331
"487",9.16006360066433e-07,0.999668654165486,0.000330429828153857
"488",4.34835206235184e-06,0.999312276262531,0.000683375385406151
"489",1.34625037786731e-07,0.999931945799814,6.79195751484654e-05
"490",2.02215442146225e-06,0.999665431147259,0.000332546698319436
"491",2.88065122458059e-08,0.999956238080816,4.37331126714466e-05
"492",8.59274633084465e-07,0.99983851405334,0.000160626672026405
"493",1.30265263007866e-06,0.999775669170431,0.0002230281769391
"494",2.33780285951075e-06,0.999157276011214,0.000840386185927025
"495",1.42401941524106e-05,0.99852327968463,0.00146248012121716
"496",1.21212697001565e-06,0.999214895624351,0.000783892248678654
"497",0.00163017804539419,0.992242737886532,0.00612708406807398
"498",2.15476564163577e-07,0.999221572262539,0.000778212260896455
"499",1.50239255334238e-06,0.998669550084959,0.00132894752248791
"500",9.42931570745408e-06,0.997308811526066,0.00268175915822656
"501",2.99836856931859e-05,0.9958696402608,0.00410037605350716
"502",1.10318554668693e-05,0.998525406395834,0.0014635617486995
"503",2.01307698962869e-06,0.997177348398113,0.00282063852489745
"504",2.00525626028885e-05,0.994244866996851,0.00573508044054592
"505",1.5475004649033e-05,0.996712856209824,0.00327166878552719
"506",0.000445925138294826,0.993660746828974,0.00589332803273107
"507",7.67068341109968e-06,0.998697979386339,0.00129434993024964
"508",1.43379617152809e-06,0.997920181120032,0.00207838508379701
"509",3.20551001858728e-06,0.997368936582207,0.00262785790777404
"510",2.13577891107428e-05,0.996309332097862,0.00366931011302758
"511",2.2813309097349e-05,0.996269900803923,0.00370728588697977
"512",1.37476312797249e-06,0.991494185075686,0.00850444016118645
"513",9.2159262085635e-07,0.996237547623817,0.00376153078356193
"514",4.91488678921063e-06,0.996195320358958,0.00379976475425269
"515",1.52105944653744e-05,0.996779908621221,0.00320488078431389
"516",1.78157581476886e-07,0.974513995432996,0.0254858264094224
"517",8.8779785574774e-06,0.894610084521756,0.105381037499687
"518",1.68135238440672e-08,0.976647948553415,0.0233520346330607
"519",9.52316556431129e-06,0.989577809398788,0.0104126674356479
"520",0.000343666425412792,0.994572907028307,0.00508342654627998
"521",5.87548012861736e-06,0.998244929754959,0.0017491947649127
"522",2.7236835598258e-08,0.976226259942781,0.0237737128203833
"523",1.09867410187301e-05,0.995933310089401,0.00405570316958074
"524",2.46569861126906e-07,0.974686353912712,0.0253133995174274
"525",1.44177278421854e-05,0.983571246086969,0.0164143361851891
"526",2.10717782424944e-06,0.929567005652891,0.0704308871692847
"527",2.30091007415033e-06,0.888049825314577,0.111947873775349
"528",7.86391693825083e-08,0.999961233947854,3.86874129768687e-05
"529",5.51810445808604e-05,0.991893153907292,0.0080516650481275
"530",7.49644090034816e-05,0.990589174748208,0.00933586084278891
"531",4.82128354573652e-08,0.999982311754747,1.76400324177751e-05
"532",2.52267356072499e-05,0.999914950483235,5.98227811573377e-05
"533",6.05471988278411e-06,0.996960193687267,0.00303375159285055
"534",6.33135848153335e-06,0.996367501772137,0.00362616686938163
"535",0.00171847857768045,0.984789501139588,0.013492020282732
"536",5.05589082430471e-05,0.995374475737554,0.0045749653542025
"537",0.0331849955720403,0.962127643047981,0.0046873613799791
"538",3.57797412479225e-07,0.990387936259971,0.00961170594261667
"539",7.10608315341405e-06,0.963182221779371,0.0368106721374761
"540",3.88606802860096e-05,0.975262862228636,0.0246982770910782
"541",1.56815789518266e-05,0.770790071686557,0.229194246734491
"542",9.95072372167717e-07,0.991802918974997,0.0081960859526308
"543",1.34180454670081e-06,0.994447558734593,0.00555109946085997
"544",3.52791777526367e-05,0.995347285415288,0.00461743540695942
"545",3.04312849946726e-06,0.995435253822728,0.00456170304877253
"546",2.84427248325921e-05,0.994606325977649,0.00536523129751833
"547",0.000278357785008209,0.994401354738715,0.00532028747627709
"548",2.34715519067672e-05,0.992559125443334,0.00741740300475913
"549",0.000907902872844743,0.999052564789955,3.9532337199979e-05
"550",0.00277098411567417,0.996691740663215,0.000537275221111052
"551",8.63889224587558e-05,0.997343380332093,0.00257023074544805
"552",0.000884590598799121,0.995137449036875,0.00397796036432601
"553",1.05048237193572e-05,0.997922010895064,0.00206748428121672
"554",0.000462495766753427,0.998608144062541,0.0009293601707056
"555",4.66136828603069e-06,0.998147798247744,0.00184754038396984
"556",8.31098073077509e-06,0.998113088465377,0.00187860055389175
"557",0.0468541439581059,0.953018426427932,0.00012742961396223
"558",0.0407378496859895,0.958587481436134,0.000674668877876482
"559",0.042359541464034,0.956065585973695,0.00157487256227066
"560",0.00524312857333916,0.989864233429304,0.00489263799735651
"561",0.0361042676478617,0.960322495062457,0.00357323728968157
"562",0.0728819640077423,0.922515451787582,0.0046025842046753
"563",0.969255458811158,0.030741029199912,3.51198893003702e-06
"564",0.997859865762746,0.00213651923342972,3.6150038238433e-06
"565",0.999328225400315,0.000671707765957353,6.68337276586905e-08
"566",0.999796779736339,0.000203054561218684,1.65702442783183e-07
"567",0.999455234673703,0.000544644874589089,1.20451708091629e-07
"568",0.985754919222743,0.0142323791262542,1.27016510028608e-05
"569",0.999912013566267,8.7975830477387e-05,1.06032551275478e-08
"570",0.999988723605368,1.1274695620642e-05,1.69901141543192e-09
"571",0.999994433011156,5.56626312887666e-06,7.25715676812638e-10
"572",0.999699552271625,0.000300362929922923,8.47984524657718e-08
"573",0.997445949800551,0.00255372355000441,3.26649445037311e-07
"574",0.99982325553994,0.000176697918429329,4.65416309695711e-08
"575",0.54548902969837,0.453839203066938,0.000671767234691221
"576",0.00809709571042233,0.991848828743352,5.40755462256009e-05
"577",0.935413158747688,0.0645761338837643,1.07073685476117e-05
"578",0.999505278833258,0.000494254319419084,4.66847322618121e-07
"579",0.9986324359593,0.00136743446981533,1.29570885026116e-07
"580",0.999800642172923,0.000198998714461925,3.59112615314739e-07
"581",0.99999116811895,8.83171035474842e-06,1.70695033156963e-10
"582",0.999995966240795,4.03334040425059e-06,4.18801053305238e-10
"583",0.999964418302819,3.55599474306169e-05,2.17497498941735e-08
"584",0.999962947564028,3.70270178642922e-05,2.54181081216642e-08
"585",0.999998706447645,1.29350264897215e-06,4.97060448379629e-11
"586",0.999979768213679,2.02237261704708e-05,8.06015109200905e-09
"587",0.99999648827334,3.51144119775431e-06,2.85462107247258e-10
"588",0.999965035013772,3.49437369890139e-05,2.12492389253129e-08
"589",0.000402492836982524,0.998735724300812,0.000861782862205138
"590",5.42864632204345e-05,0.997085911594365,0.00285980194241497
"591",4.93225807559759e-05,0.994877155752528,0.00507352166671569
"592",5.20183974449123e-05,0.99464221077141,0.00530577083114522
"593",0.000735406770196253,0.99852660521567,0.000737988014134064
"594",0.0360432213352981,0.961460148519558,0.00249663014514376
"595",0.996781202370536,0.00321804606717228,7.51562292132207e-07
"596",0.0137501533333755,0.980799097220717,0.00545074944590779
"597",0.000818123812831216,0.99832663226979,0.000855243917378293
"598",2.36606126874561e-05,0.997826417767845,0.0021499216194671
"599",3.95108589363587e-05,0.998011709642247,0.00194877949881636
"600",2.13344829324134e-06,0.998960389747648,0.00103747680405873
"601",2.83525468246367e-06,0.999100133608479,0.000897031136838799
"602",0.0130189530588218,0.985971173335437,0.00100987360574123
"603",0.993738345310546,0.00625886730134009,2.78738811433116e-06
"604",0.010982139334861,0.987167908837848,0.00184995182729047
"605",0.000242207928434929,0.997561534220268,0.00219625785129704
"606",0.0441260670714726,0.952828840675525,0.0030450922530024
"607",6.04931802388303e-08,0.999878501765816,0.000121437741004192
"608",7.5090552797404e-06,0.998669124780968,0.00132336616375214
"609",4.87094723960026e-05,0.995742697580699,0.00420859294690494
"610",5.8713627037233e-06,0.997850899069154,0.00214322956814182
"611",1.66978884765976e-05,0.99667461917486,0.0033086829366633
"612",1.0948416097345e-05,0.998081947368288,0.00190710421561433
"613",1.31970055583481e-05,0.997550282322819,0.00243652067162309
"614",2.8428518373371e-07,0.997890636553288,0.00210907916152828
"615",4.90371038125077e-06,0.99708532539586,0.0029097708937583
"616",3.83521768811316e-05,0.994928259016874,0.00503338880624464
"617",3.78748807484345e-06,0.997200519480594,0.00279569303133112
"618",3.56788042395262e-05,0.995141175501109,0.00482314569465135
"619",2.2117574898428e-07,0.999734772458221,0.000265006366030042
"620",2.68469787976635e-05,0.980625850110054,0.0193473029111485
