"","(1,R1)","(2,R1)","(3,R1)"
"1",0.0085829900527255,0.979160080019193,0.0122569299280812
"2",0.00296055558982885,0.988582967577166,0.00845647683300519
"3",0.011245538332663,0.978942614276911,0.00981184739042619
"4",0.988407037992798,0.0115599843226093,3.29776845930689e-05
"5",0.000897058603965477,0.986548251637106,0.0125546897589282
"6",0.00266961799537838,0.984843042522501,0.0124873394821205
"7",0.000560432804094245,0.985712912655772,0.0137266545401338
"8",0.00221949291856841,0.985934871593509,0.0118456354879224
"9",0.000137708771416062,0.995043263441588,0.00481902778699579
"10",0.000408285638537383,0.98385244941604,0.0157392649454226
"11",0.00161585439424799,0.980806997564957,0.017577148040795
"12",0.00294668775878061,0.984259957731077,0.0127933545101427
"13",1.86454752802372e-06,0.999590513436832,0.000407622015639865
"14",1.37830650266512e-07,0.999790559972192,0.000209302197157515
"15",1.36640044845213e-07,0.999347013127467,0.000652850232487719
"16",1.63247876217651e-06,0.997772496245989,0.00222587127524943
"17",6.94363446749536e-05,0.98954133556509,0.0103892280902351
"18",8.27619771254391e-05,0.961800912598912,0.0381163254239622
"19",4.95325580396772e-05,0.994093139897534,0.00585732754442597
"20",6.21582854171458e-05,0.995582000741039,0.00435584097354386
"21",0.000278099399696092,0.993953512749739,0.00576838785056509
"22",0.00320448829737259,0.990334017160091,0.0064614945425364
"23",0.000766265675518192,0.988408180683074,0.0108255536414074
"24",0.0022585745859866,0.990630750814106,0.00711067459990715
"25",0.00271683864595037,0.987869560655894,0.00941360069815515
"26",0.0215833579855438,0.972553596778424,0.00586304523603201
"27",0.0293826528693256,0.965448011160664,0.00516933597001001
"28",0.0478108082029131,0.94432428572628,0.0078649060708073
"29",0.047034794811669,0.949480255255547,0.0034849499327839
"30",9.28138053065831e-07,0.9987413318227,0.00125774003924663
"31",9.39167090135013e-06,0.995745285889851,0.0042453224392474
"32",3.70220311638486e-05,0.995565766588245,0.00439721138059073
"33",1.65168595870326e-06,0.995220152942561,0.00477819537148013
"34",0.000109941523706744,0.988036026735589,0.0118540317407047
"35",1.3433236728364e-06,0.999741715441733,0.000256941234594087
"36",3.74107833503943e-06,0.994800713012445,0.00519554590922028
"37",7.20827883266521e-05,0.991254066831919,0.00867385037975478
"38",1.33319963290671e-05,0.994052225395427,0.00593444260824426
"39",2.26472770027796e-05,0.996520665359982,0.00345668736301497
"40",1.25279654415018e-05,0.99519015922845,0.00479731280610894
"41",9.90139671998974e-07,0.997078014007832,0.00292099585249586
"42",1.3029365638495e-05,0.997227095124299,0.00275987551006232
"43",7.04118276486266e-07,0.997020751023777,0.00297854485794631
"44",1.29327687350645e-05,0.99689118758745,0.00309587964381482
"45",1.20560603716013e-05,0.99380698927054,0.00618095466908845
"46",2.8068855694802e-06,0.997347582824774,0.00264961028965625
"47",2.62541345911456e-05,0.990563791777328,0.00940995408808078
"48",6.84190684220426e-05,0.987848651116977,0.0120829298146013
"49",7.89800652979846e-06,0.997735611736578,0.00225649025689195
"50",1.20672467211421e-05,0.994168412689767,0.00581952006351156
"51",5.10773741518234e-05,0.992723270978949,0.00722565164689908
"52",3.1329127259955e-05,0.992038966151883,0.00792970472085719
"53",3.11440853584197e-05,0.994049951911185,0.00591890400345622
"54",0.00018547356836791,0.997558878260493,0.00225564817113888
"55",0.00939537180926575,0.987404556325886,0.00320007186484848
"56",0.0385545345299485,0.956099046683251,0.00534641878680096
"57",0.029417813798082,0.965166207372274,0.0054159788296444
"58",1.08314560167315e-05,0.997016856355189,0.00297231218879418
"59",6.4540291318596e-06,0.998817455208201,0.00117609076266713
"60",1.07601361977661e-06,0.997992350466127,0.00200657352025329
"61",1.15347523149487e-05,0.996747468240055,0.00324099700763048
"62",1.01773749208332e-05,0.997623782896925,0.00236603972815378
"63",2.12381889702461e-06,0.998227803632899,0.00177007254820355
"64",1.21564985706042e-05,0.99712442406313,0.00286341943829919
"65",2.65844936251481e-06,0.998826019781892,0.00117132176874572
"66",1.56031235439586e-06,0.999147569966159,0.00085086972148698
"67",1.1739173101057e-06,0.999632671807723,0.000366154274966777
"68",1.22454125189849e-05,0.999686840028025,0.000300914559455853
"69",0.0183730532978677,0.974793422070515,0.00683352463161722
"70",1.41224255734562e-06,0.999750149657861,0.000248438099581953
"71",3.76132744487968e-05,0.995997306791682,0.00396507993386918
"72",2.37176339884177e-08,0.999875234819693,0.000124741462673205
"73",6.6191693744256e-07,0.999623486374783,0.000375851708279637
"74",0.000187129822731911,0.985237989184815,0.0145748809924531
"75",3.08075618394092e-06,0.999571220972902,0.000425698270914236
"76",5.82094767815744e-07,0.998329089537488,0.00167032836774383
"77",5.16303562063124e-05,0.993734737229193,0.00621363241460043
"78",9.86411027582594e-05,0.989473649492869,0.0104277094043725
"79",1.15436883699724e-05,0.996833532576436,0.00315492373519412
"80",0.0549548654281006,0.912774936378127,0.0322701981937722
"81",1.14262171957135e-06,0.996451709171791,0.00354714820648947
"82",5.24201349138064e-06,0.995339645015709,0.0046551129707999
"83",0.00013907282736647,0.986523457639877,0.0133374695327564
"84",0.000123147232897146,0.98752575320268,0.0123510995644226
"85",2.15489036419681e-05,0.993296850228773,0.00668160086758508
"86",1.99022154466653e-05,0.996569691134662,0.00341040664989136
"87",4.76301549293095e-06,0.994579215680109,0.005416021304398
"88",2.32530537459008e-05,0.994978928759759,0.00499781818649505
"89",2.18466548369335e-05,0.993864817653041,0.00611333569212193
"90",0.00314387894859616,0.99593648277657,0.000919638274834376
"91",0.00178367219200632,0.991695813550889,0.00652051425710479
"92",0.0380880806043136,0.945292675626798,0.0166192437688889
"93",0.000242697951703256,0.990582533155468,0.00917476889282895
"94",9.41647016549733e-05,0.988867694948224,0.0110381403501214
"95",0.079135937629212,0.920332561818749,0.00053150055203882
"96",0.000560170513537899,0.995339058379287,0.0041007711071755
"97",0.902511204736514,0.097433516004922,5.52792585635961e-05
"98",0.998460530135427,0.0015391899055119,2.79959061441506e-07
"99",0.999667404622327,0.000331832739667415,7.62638005588377e-07
"100",0.999932521032051,6.74666554721917e-05,1.23124763604608e-08
"101",0.999997119771069,2.87997795543479e-06,2.50975801578513e-10
"102",0.999990745643017,9.25163098181785e-06,2.72600137899269e-09
"103",0.999983673502734,1.63185569581686e-05,7.94030804469922e-09
"104",0.999981584692057,1.84053791856282e-05,9.92875766380264e-09
"105",0.999996854793745,3.14486650449775e-06,3.39750958889885e-10
"106",0.999988521083641,1.14748932302374e-05,4.02312863746511e-09
"107",0.999996496203954,3.50336116748661e-06,4.34878896582771e-10
"108",0.99998532790029,1.46658736771517e-05,6.22603331839177e-09
"109",0.99999575822874,4.24117610593159e-06,5.95153657435735e-10
"110",2.78791459506725e-07,0.999737472307093,0.000262248901447215
"111",0.000187336015688982,0.985252641010468,0.0145600229738429
"112",1.61246434685676e-08,0.999719334385095,0.000280649490261433
"113",7.47269021126165e-07,0.998930446435874,0.00106880629510468
"114",7.81269547162788e-06,0.995760211174712,0.00423197612981624
"115",9.57596621752821e-05,0.989432263682237,0.010471976655588
"116",6.37243671365284e-06,0.995252063337337,0.00474156422594917
"117",7.73713142158977e-05,0.990346609852646,0.00957601883313788
"118",8.21694850283149e-06,0.99565942582647,0.00433235722502725
"119",0.000830866682039936,0.991955970479,0.00721316283896025
"120",3.46897906296629e-06,0.995497039288989,0.00449949173194765
"121",2.92810828622854e-05,0.993679082275779,0.00629163664135926
"122",3.0253205526851e-05,0.994488082539654,0.00548166425481962
"123",2.78339063800783e-06,0.997299493447064,0.00269772316229776
"124",0.000125434709868273,0.987863177898747,0.0120113873913846
"125",3.7609724400816e-06,0.99658717912194,0.00340905990561983
"126",8.32099097392614e-05,0.990736946225751,0.00917984386450995
"127",4.0339390279161e-06,0.996029064355946,0.00396690170502615
"128",8.24961516001391e-05,0.990093785307863,0.00982371854053663
"129",7.91139148018271e-07,0.996081542770264,0.00391766609058799
"130",5.15485274652609e-05,0.992137583636733,0.00781086783580169
"131",3.02909382902986e-06,0.995807612645096,0.00418935826107469
"132",7.37499675535418e-06,0.99508122110065,0.00491140390259473
"133",1.5949206508573e-05,0.996912378658471,0.00307167213502044
"134",2.66136784324479e-05,0.993834461008197,0.00613892531337051
"135",2.70208244890108e-08,0.99945869606089,0.000541276918285687
"136",2.40726972877049e-06,0.994179608528575,0.00581798420169574
"137",1.28177096669806e-05,0.990896191819535,0.00909099047079824
"138",7.04532810215611e-05,0.988942445389533,0.010987101329445
"139",6.53624142472063e-05,0.988421222331275,0.0115134152544781
"140",7.84936056124023e-07,0.989711902749341,0.0102873123146027
"141",0.000105774391568259,0.986240204456919,0.0136540211515127
"142",4.72200548760546e-07,0.987889055580111,0.0121104722193405
"143",1.29365064823373e-05,0.988513929581845,0.0114731339116725
"144",1.2152801190884e-05,0.99156914480595,0.00841870239285869
"145",3.10298299949435e-05,0.992567560960344,0.00740140920966073
"146",2.91292765894978e-05,0.993498988713945,0.00647188200946505
"147",4.97058202095579e-06,0.952248322848685,0.0477467065692945
"148",1.01216553452288e-05,0.996944994872001,0.00304488347265394
"149",2.02016440740511e-06,0.937255290739487,0.0627426890961054
"150",3.59121863431639e-05,0.955412269499732,0.0445518183139247
"151",1.61700772696188e-05,0.844949726490212,0.155034103432518
"152",1.10244600291333e-06,0.329130941323929,0.670867956230068
"153",0.000350081145524298,0.993028514607658,0.0066214042468173
"154",1.93214745735602e-08,0.999116065914915,0.000883914763610289
"155",1.14741798412942e-06,0.998493865301915,0.0015049872801008
"156",7.162042997537e-06,0.995743931567544,0.00424890638945818
"157",8.74173726524104e-05,0.989617129142683,0.0102954534846652
"158",1.92346881065433e-06,0.996152487637841,0.00384558889334819
"159",5.99008376250802e-05,0.99158545369964,0.00835464546273443
"160",3.08134645086925e-06,0.996212170913324,0.00378474774022493
"161",4.09356795503254e-05,0.993621160327911,0.00633790399253849
"162",4.15856956757421e-06,0.996000206797886,0.0039956346325469
"163",2.45057224503422e-05,0.994770882812752,0.00520461146479743
"164",2.4565141334257e-05,0.994794269129485,0.00518116572918067
"165",1.75035666347945e-06,0.99670835648281,0.00328989316052665
"166",9.62511089329818e-06,0.993840257927057,0.00615011696205009
"167",6.03929624015686e-05,0.991804236864181,0.00813537017341735
"168",1.40054168549931e-05,0.991873459142533,0.00811253544061193
"169",7.62378495878356e-06,0.966580174609126,0.0334122016059156
"170",4.2517887295284e-06,0.995468446817314,0.00452730139395609
"171",1.79506268973257e-05,0.995631004238626,0.00435104513447621
"172",1.00538392020474e-05,0.996010108240295,0.00397983792050293
"173",5.62085325168586e-06,0.998442271138318,0.00155210800843038
"174",6.72212687710991e-07,0.994106197079235,0.00589313070807714
"175",2.49685771188138e-05,0.9918818497517,0.00809318167118106
"176",7.80821551995834e-06,0.998581682396707,0.00141050938777333
"177",4.91812812646487e-05,0.991565631137139,0.00838518758159601
"178",1.46445239446046e-06,0.992584473794139,0.00741406175346602
"179",3.16893486053715e-06,0.962850957577489,0.0371458734876501
"180",6.69466134015382e-07,0.990536970813904,0.00946235971996198
"181",5.03191084825064e-06,0.993677285365819,0.00631768272333243
"182",1.19529913962266e-06,0.99548928576392,0.00450951893694087
"183",2.66895970190613e-05,0.990084417822805,0.00988889258017558
"184",2.56399817537211e-06,0.996931839416155,0.00306559658566997
"185",2.57366579759623e-06,0.997800212250686,0.00219721408351669
"186",1.53534393352767e-06,0.998703600696629,0.0012948639594374
"187",2.71187240348342e-06,0.999342446190328,0.00065484193726851
"188",9.19550091098501e-07,0.998874941205936,0.00112413924397332
"189",2.86367338416644e-06,0.999108384561998,0.000888751764617974
"190",2.81484661121028e-06,0.997045380892938,0.00295180426045115
"191",3.21577938452413e-06,0.975685568387131,0.0243112158334842
"192",7.95936656330092e-07,0.993265205172682,0.00673399889066161
"193",4.14589509933594e-06,0.994981509585248,0.00501434451965286
"194",9.86697428754988e-06,0.995123636478134,0.00486649654757833
"195",3.84832882626691e-07,0.99831215179997,0.00168746336714768
"196",1.70385138990947e-05,0.996567454641468,0.00341550684463259
"197",0.000220355731972767,0.994618665477364,0.00516097879066288
"198",1.97752969736374e-07,0.999385273241004,0.000614529006026611
"199",3.80223793981084e-07,0.999509188124546,0.000490431651659694
"200",7.66260499051323e-06,0.998390223071669,0.00160211432334
"201",6.30361952573969e-07,0.999404594880486,0.000594774757561365
"202",4.03014537287861e-06,0.999078181067196,0.000917788787430888
"203",4.42429114615194e-06,0.998827416106337,0.00116815960251683
"204",1.59155853490804e-07,0.999529492483126,0.000470348361020402
"205",1.38000374091969e-06,0.998858342992372,0.00114027700388732
"206",5.87706034904654e-06,0.996234977746879,0.00375914519277223
"207",9.39981682822092e-07,0.999379756771165,0.000619303247152004
"208",4.65321012450623e-06,0.998935885676517,0.00105946111335804
"209",5.41680945722178e-06,0.998726044732738,0.00126853845780497
"210",1.26364129499279e-07,0.996393221448801,0.00360665218706919
"211",1.507468692833e-05,0.994385376154751,0.00559954915832087
"212",7.29792119332045e-05,0.991676098947452,0.00825092184061462
"213",4.03948485424656e-06,0.994745054513847,0.00525090600129897
"214",5.28887945428967e-05,0.988081713839389,0.0118653973660683
"215",3.08906330586043e-06,0.996676040354512,0.00332087058218214
"216",6.71761897297513e-07,0.997793939229306,0.00220538900879706
"217",8.23213289860785e-05,0.996661928782426,0.00325574988858827
"218",3.27920446304109e-05,0.995595041742614,0.00437216621275549
"219",3.44424467029147e-06,0.997633424809718,0.00236313094561161
"220",1.85677856675694e-05,0.995949239441619,0.00403219277271305
"221",8.51487840037201e-05,0.997141598696229,0.00277325251976748
"222",3.94879017036137e-06,0.992793990216598,0.00720206099323196
"223",9.72011097058839e-07,0.867613798423658,0.132385229565245
"224",1.16807045377617e-06,0.920025232396902,0.0799735995326446
"225",2.16788395455332e-05,0.946010779774388,0.0539675413860669
"226",0.00122434364594031,0.973143917088529,0.0256317392655309
"227",2.30135586487971e-05,0.977499998210452,0.0224769882308993
"228",1.94114002114224e-05,0.989242357229123,0.0107382313706651
"229",6.09848778870373e-06,0.942182728765027,0.0578111727471841
"230",4.0189533561289e-05,0.988160069733215,0.011799740733224
"231",1.06428458356065e-05,0.961033681256522,0.0389556758976422
"232",3.70899383907358e-05,0.968643323786306,0.0313195862753031
"233",2.56874706865316e-05,0.990807887493243,0.00916642503607096
"234",3.08317800779889e-09,0.00677912407631631,0.993220872840506
"235",1.36488645254934e-08,0.00341736131010103,0.996582625041034
"236",5.87098653813574e-10,0.000332315200123786,0.999667684212778
"237",9.00439862859024e-08,0.0178254468875531,0.982174463068461
"238",1.00428227282892e-06,0.896074548529931,0.103924447187797
"239",2.1633426455521e-09,0.000788696906185744,0.999211300930472
"240",2.55981965150765e-09,0.00429806400743241,0.995701933432748
"241",5.93784305690193e-07,0.0402938408414821,0.959705565374212
"242",3.41428306497316e-09,0.00664734158499512,0.993352655000722
"243",6.16660126208985e-07,0.0953688732654561,0.904630510074418
"244",9.79896564065519e-08,0.1176474433108,0.882352458699543
"245",8.40616755981625e-06,0.745868597512125,0.254122996320315
"246",4.258471560235e-08,0.0117121375953339,0.988287819819951
"247",4.46151313764263e-07,0.0661292503604599,0.933870303488226
"248",7.80576120899204e-07,0.115569354751196,0.884429864672683
"249",3.00668979554061e-07,0.115596316930952,0.884403382400068
"250",0.000775653248623982,0.994332990495677,0.0048913562556989
"251",0.0134868979010212,0.972434228287956,0.014078873811023
"252",0.925523391331881,0.0739129078590074,0.000563700809111339
"253",9.97240143340515e-05,0.686121432199899,0.313778843785767
"254",0.000295017930803397,0.821767356429838,0.177937625639359
"255",6.48637238291314e-07,0.443742920723349,0.556256430639413
"256",4.94116407534664e-07,0.983255757957871,0.0167437479257212
"257",2.29650980248864e-09,0.0722052460458119,0.927794751657678
"258",1.01367302841129e-09,0.00408745193314031,0.995912547053187
"259",1.82167909663723e-09,0.0800954168116515,0.919904581366669
"260",2.94281305999801e-07,0.834324272673225,0.16567543304547
"261",1.46511346242249e-09,0.0770749526071056,0.922925045927781
"262",2.2167865475179e-07,0.868505832507612,0.131493945813734
"263",1.67616412879033e-10,0.00510561204123742,0.994894387791146
"264",7.46271041819616e-10,0.00938605792093756,0.990613941332791
"265",5.37797275980241e-14,1.24984636605769e-05,0.999987501536286
"266",2.76467486711684e-12,0.000188960191525692,0.99981103980571
"267",8.53427860177543e-15,1.09357037210374e-06,0.999998906429619
"268",0.00114068206318403,0.996356308545851,0.00250300939096538
"269",0.000123827456367457,0.990252356726407,0.00962381581722504
"270",0.00484366398151559,0.993884123440064,0.00127221257842082
"271",0.516379361868241,0.482837436556632,0.000783201575127397
"272",0.519364747652108,0.479207115234703,0.00142813711318921
"273",0.967207367056493,0.0327492867546641,4.3346188843404e-05
"274",0.97842389749082,0.0215027395146172,7.33629945626891e-05
"275",0.998438761206954,0.00155970037801936,1.53841502712518e-06
"276",0.999947467066838,5.24933416492148e-05,3.95915130261962e-08
"277",0.998458224159364,0.00153953019089205,2.24564974380573e-06
"278",0.00477170497990951,0.994233304307214,0.00099499071287636
"279",0.00593014191605842,0.993343828810173,0.000726029273769016
"280",0.00492558790072749,0.985639413246305,0.0094349988529671
"281",0.0183146485935274,0.981221756866445,0.000463594540027805
"282",0.00180178676460353,0.987942261615348,0.0102559516200489
"283",0.655102652244964,0.34480928682334,8.8060931695752e-05
"284",0.949615033511767,0.0502310538034577,0.000153912684775163
"285",0.664262162541337,0.335643131014587,9.47064440767028e-05
"286",0.283729318307747,0.712522227736793,0.00374845395546009
"287",0.86591971326511,0.13404978649207,3.05002428208432e-05
"288",0.814160491392215,0.185804941388033,3.45672197524487e-05
"289",0.987207594812715,0.0127896559798148,2.74920746989354e-06
"290",0.999554187915479,0.000445765826410421,4.62581110989861e-08
"291",0.998771221585217,0.00122623667824172,2.54173654079651e-06
"292",0.999964971199982,3.50251076940153e-05,3.69232408656095e-09
"293",0.999994473077269,5.52598616213836e-06,9.36569005805002e-10
"294",0.999999448262305,5.51726873988835e-07,1.08209782711802e-11
"295",0.999973794553636,2.61868627164373e-05,1.85836473235556e-08
"296",0.999999932778016,6.72217873747218e-08,1.97028371008144e-13
"297",0.999999951278919,4.87209018054123e-08,1.79531065630483e-13
"298",0.999998499825426,1.50010361174994e-06,7.09618935851497e-11
"299",0.999981084426168,1.89053164888112e-05,1.02573437252485e-08
"300",0.999997629936104,2.3698535477888e-06,2.10348091534733e-10
"301",0.999990238849126,9.75811658492512e-06,3.03428943583079e-09
"302",0.999989224153995,1.07723306800254e-05,3.51532522405344e-09
"303",0.999999300205334,6.99776032486285e-07,1.86337266856683e-11
"304",0.999990400694721,9.5963779307092e-06,2.92734791230742e-09
"305",0.99999995127605,4.87238439410089e-08,1.05908954834981e-13
"306",0.999999757942601,2.42054294898737e-07,3.10451627981594e-12
"307",0.99999479754219,5.20154123297731e-06,9.16576617173985e-10
"308",0.999997272528947,2.72723074421277e-06,2.40308303025173e-10
"309",0.99999984305991,1.5693906704483e-07,1.02282619709926e-12
"310",0.999993854918464,6.14382785027417e-06,1.25368593399701e-09
"311",0.999999500194468,4.99795785294286e-07,9.74641454163693e-12
"312",0.999997367602994,2.63214791421924e-06,2.49091486727802e-10
"313",0.999998462221206,1.53769233314668e-06,8.64605541224029e-11
"314",0.99999783567579,2.16415266946775e-06,1.71540978410105e-10
"315",0.000126067218980807,0.999649499835787,0.000224432945232606
"316",0.997596564882658,0.00240135397389904,2.08114344257948e-06
"317",9.94864540689889e-07,0.999897587351225,0.000101417784234044
"318",1.44196154275547e-05,0.997529274438961,0.00245630594561155
"319",0.00285494972313194,0.982762339265737,0.0143827110111312
"320",3.52008869249923e-05,0.99714818358855,0.00281661552452498
"321",0.083975291815056,0.915552084866065,0.000472623318879309
"322",1.02980730639419e-06,0.996659414739097,0.00333955545359696
"323",3.34068164087031e-05,0.992922912165789,0.00704368101780285
"324",0.00183528374497093,0.981019453249058,0.0171452630059711
"325",9.76278893199508e-05,0.98843326193568,0.0114691101750001
"326",1.49824718842868e-06,0.996323625786258,0.00367487596655409
"327",2.83922852800558e-05,0.991081849043013,0.00888975867170671
"328",4.30693698173272e-05,0.990272504312083,0.00968442631809928
"329",4.07689859899541e-06,0.995460025714228,0.00453589738717314
"330",2.44626450950662e-05,0.988687860822094,0.0112876765328108
"331",2.33214634674676e-05,0.991475165995196,0.00850151254133677
"332",7.27095667564544e-06,0.995219407245246,0.00477332179807839
"333",5.01500210162441e-06,0.995622131228313,0.00437285376958507
"334",3.87170202963448e-06,0.996358451210124,0.00363767708784624
"335",1.1994977663599e-05,0.997571439025539,0.00241656599679709
"336",8.75329920530966e-06,0.996290600437915,0.00370064626288025
"337",0.000406352108681958,0.993493497765731,0.00610015012558687
"338",1.0108567486565e-05,0.997376515971812,0.00261337546070174
"339",9.09123687564371e-08,0.999925085723639,7.48233639921798e-05
"340",0.000980985157333874,0.995785112413853,0.00323390242881294
"341",8.20243245571052e-06,0.999032891243948,0.000958906323596232
"342",0.0125041203389353,0.984012211365176,0.00348366829588835
"343",0.927971816531926,0.0716965679736139,0.000331615494460035
"344",5.91156173991233e-05,0.990916671760697,0.00902421262190427
"345",4.28955678196055e-05,0.986788288611515,0.0131688158206652
"346",1.64170008804777e-05,0.990434261808372,0.00954932119074773
"347",2.87935357953751e-05,0.987063101085152,0.0129081053790525
"348",6.40553997713045e-08,0.999923422965537,7.65129790634043e-05
"349",0.000237539529093455,0.984959302721959,0.0148031577489476
"350",1.75151246011588e-06,0.999923138286196,7.51102013435694e-05
"351",0.0375931952132851,0.953169727050176,0.00923707773653909
"352",1.92310334727369e-06,0.999921435622287,7.66412743659431e-05
"353",0.00181924833525683,0.994327841703034,0.00385290996170926
"354",1.71961248986353e-05,0.999935980212809,4.68236622925692e-05
"355",0.411037702879888,0.585287664729309,0.00367463239080216
"356",0.988922331917517,0.0110511485871847,2.65194952983207e-05
"357",0.419837187696335,0.579945081814813,0.000217730488851741
"358",9.5843467175342e-07,0.999960159438261,3.88821270672421e-05
"359",3.23686391063036e-05,0.992394100033483,0.00757353132741029
"360",1.87219454355047e-05,0.995527511216629,0.00445376683793563
"361",2.26904863146704e-05,0.994086406230082,0.00589090328360294
"362",2.69152233442959e-09,0.999973263324373,2.67339841051478e-05
"363",6.3520398832213e-08,0.999970237948394,2.9698531206903e-05
"364",0.00034828865826023,0.998296635867667,0.00135507547407241
"365",0.052358701285022,0.930090982427407,0.0175503162875713
"366",0.000459555078641959,0.998293930401037,0.0012465145203207
"367",0.13075891610877,0.864034291699587,0.00520679219164333
"368",0.998515934911448,0.00148345119432438,6.13894227936804e-07
"369",0.132110532417336,0.860059166784355,0.00783030079830828
"370",0.0561241956110574,0.914385919290805,0.0294898850981375
"371",0.777517455637821,0.220179071650941,0.00230347271123718
"372",0.999914491821488,8.55004741797629e-05,7.70433251051288e-09
"373",4.06979743248958e-05,0.99855447845377,0.00140482357190489
"374",1.03578475852885e-05,0.998592577791337,0.00139706436107791
"375",2.66973960981575e-06,0.998553027066195,0.00144430319419473
"376",7.91362993254693e-05,0.996633624378476,0.00328723932219805
"377",5.58215989875422e-06,0.995655286588252,0.00433913125184896
"378",6.17195899575411e-05,0.991269472613474,0.00866880779656833
"379",1.45244641997224e-05,0.994091805679201,0.00589366985659943
"380",7.61626431592136e-06,0.998568377367946,0.00142400636773837
"381",3.88803259569936e-05,0.992824447746404,0.00713667192763865
"382",6.7783094772513e-06,0.997465410346454,0.00252781134406929
"383",3.93629096933201e-05,0.993152441040794,0.00680819604951256
"384",1.37192881028111e-05,0.996345999692065,0.00364028101983168
"385",9.24128246499534e-05,0.996787181869997,0.00312040530535346
"386",0.00066033358296557,0.996447062709273,0.00289260370776136
"387",7.35996486972996e-06,0.998940968673973,0.00105167136115769
"388",0.0118504669748606,0.985460771614415,0.00268876141072435
"389",0.984441269559293,0.0155401414022895,1.85890384173452e-05
"390",4.65437646608897e-06,0.999815941286653,0.000179404336880696
"391",2.10915170755818e-07,0.999944409418087,5.53796667423617e-05
"392",0.0029312394083198,0.982500903909642,0.014567856682038
"393",6.25905803880193e-09,0.999956128965181,4.38647757610866e-05
"394",3.15381560936835e-08,0.999558380793563,0.000441587668280905
"395",1.81762684294178e-05,0.96106470280502,0.0389171209265511
"396",6.04272163294961e-05,0.842554296020267,0.157385276763404
"397",0.000113992082991835,0.977035799400534,0.0228502085164744
"398",4.58830492136373e-08,0.999570607982974,0.000429346133976719
"399",4.95991314418607e-07,0.998075145771658,0.00192435823702741
"400",2.96704787841621e-06,0.997067263963983,0.00292976898813837
"401",7.38524266578382e-05,0.991410382319777,0.00851576525356546
"402",6.3272899640661e-06,0.994059294169945,0.0059343785400908
"403",4.96701955531862e-05,0.991074675517391,0.00887565428705561
"404",6.21319852302184e-05,0.990634339080066,0.00930352893470409
"405",1.41029466256897e-06,0.997392072271975,0.00260651743336193
"406",8.39493663841006e-06,0.995259742759988,0.00473186230337354
"407",4.1410104872641e-05,0.994081070771334,0.00587751912379282
"408",8.03477509519577e-06,0.991978219102839,0.0080137461220657
"409",1.51365962692195e-05,0.996814339545676,0.00317052385805477
"410",2.18242172684995e-05,0.989337209258403,0.0106409665243283
"411",1.35558817285465e-05,0.99572201938045,0.00426442473782179
"412",6.18875785292726e-06,0.995976146073597,0.00401766516855003
"413",8.20999432078017e-06,0.996492146036499,0.00349964396918042
"414",4.81885221712499e-06,0.994683761758353,0.00531141938942964
"415",1.29289762426207e-05,0.997286113207425,0.00270095781633202
"416",0.000417640532162597,0.997227755189804,0.00235460427803358
"417",3.67677684300765e-06,0.998188164978132,0.00180815824502524
"418",3.79654552152194e-06,0.998601023361213,0.00139518009326503
"419",1.64335116834668e-06,0.999293355783328,0.00070500086550398
"420",8.63541658423976e-06,0.96638756070635,0.0336038038770662
"421",2.35759444277542e-05,0.899015972197758,0.100960451857815
"422",1.87920827750018e-05,0.780611621109777,0.219369586807448
"423",2.93650829012396e-06,0.432380617058819,0.567616446432891
"424",6.99324023503782e-06,0.988469496914089,0.0115235098456759
"425",2.83306408994542e-05,0.989482109964212,0.0104895593948882
"426",2.58745063010036e-06,0.995553652920026,0.0044437596293439
"427",2.27571512749747e-06,0.996086014261652,0.00391171002322028
"428",7.77113168709992e-06,0.997741528061819,0.00225070080649353
"429",6.05246796062286e-07,0.999842343955395,0.000157050797808938
"430",6.62212643374509e-05,0.999386420343315,0.000547358392347468
"431",0.722266755760117,0.276704805698802,0.00102843854108061
"432",1.15430108108525e-06,0.999613656396378,0.00038518930254087
"433",3.55572191051348e-07,0.999097983529385,0.000901660898424396
"434",5.82579788109174e-07,0.99833903820565,0.00166037921456226
"435",2.20160329747306e-05,0.994945373065527,0.00503261090149865
"436",2.28403380786367e-05,0.996055659977917,0.00392149968400449
"437",2.93473542062201e-05,0.995006566774524,0.00496408587126962
"438",3.23908736846857e-06,0.997446053152005,0.00255070776062636
"439",4.39861537637237e-07,0.999922589101856,7.6971036606285e-05
"440",3.40615040840178e-06,0.996119444869025,0.00387714898056679
"441",3.77006829287859e-05,0.993309333458032,0.00665296585903948
"442",3.9903314943202e-05,0.993206313686446,0.00675378299861132
"443",8.79124796887128e-07,0.998803221864247,0.00119589901095599
"444",8.13404221023676e-05,0.99132690466442,0.0085917549134773
"445",9.3517972596293e-07,0.998497981051343,0.0015010837689313
"446",5.64602283164016e-05,0.992828902639823,0.00711463713186072
"447",5.50500912479211e-07,0.998485362931123,0.00151408656796499
"448",4.89222286058463e-05,0.99348908697726,0.00646199079413435
"449",6.29228691868409e-07,0.998224881118552,0.00177448965275588
"450",2.7171893713447e-05,0.995485406530544,0.00448742157574289
"451",1.12261449516411e-06,0.997605695969018,0.002393181416487
"452",2.42662346749148e-05,0.995411815889487,0.00456391787583817
"453",1.55442569298437e-05,0.996163364743786,0.00382109099928395
"454",3.28054753537209e-07,0.999442124639365,0.000557547305881741
"455",1.03786674916668e-05,0.994956056640521,0.00503356469198742
"456",5.09381262458872e-05,0.991727065635653,0.00822199623810069
"457",1.2872086893819e-05,0.995686613697638,0.00430051421546818
"458",2.09344348789368e-05,0.994780021499573,0.00519904406554836
"459",0.000431932138520504,0.994431380803876,0.00513668705760372
"460",2.18442948834681e-07,0.999179092677388,0.000820688879663214
"461",1.6496115665709e-07,0.996677724150415,0.00332211088842872
"462",9.34159734660545e-07,0.993071550591479,0.00692751524878622
"463",1.05183359532534e-05,0.960145527613567,0.0398439540504796
"464",4.45786618315986e-05,0.972525478903691,0.027429942434477
"465",9.60811520607099e-06,0.692993848690738,0.306996543194055
"466",3.85028835558577e-05,0.98969071821071,0.0102707789057342
"467",2.17318096971253e-05,0.98827639131376,0.011701876876543
"468",1.43337216667451e-05,0.997163115055706,0.00282255122262682
"469",2.56334403974967e-06,0.997144602809345,0.00285283384661484
"470",1.11705223990137e-06,0.997660758699557,0.00233812424820264
"471",0.00110107886767497,0.98819320555864,0.0107057155736856
"472",1.31202853002269e-06,0.99791703762335,0.00208165034811971
"473",7.32163337346258e-07,0.998666150136643,0.00133311770001964
"474",3.76158407149642e-05,0.996765546310119,0.00319683784916571
"475",0.000870308468178934,0.996911859977583,0.00221783155423773
"476",0.010169475697597,0.98865935418956,0.00117117011284308
"477",8.07157358629779e-07,0.998993780703566,0.00100541213907561
"478",5.39300458913843e-07,0.999093448525088,0.000906012174453501
"479",0.00014526538287587,0.997429496205108,0.00242523841201662
"480",0.00362075349472904,0.994478283811984,0.00190096269328709
"481",0.995912793731123,0.00408618981270711,1.01645617027956e-06
"482",0.000409326938867751,0.995097591369947,0.00449308169118564
"483",1.31036261654139e-06,0.998981031005261,0.00101765863212201
"484",1.57056541272754e-05,0.997073573031096,0.00291072131477669
"485",6.18784785158509e-07,0.999031983915055,0.000967397300159985
"486",8.55552981020783e-06,0.995813256444785,0.00417818802540501
"487",9.23857142140126e-07,0.999471551233283,0.000527524909574316
"488",4.38857817316901e-06,0.998996190437958,0.000999420983869236
"489",1.35744522842974e-07,0.999883534710259,0.000116329545217758
"490",2.04062924401424e-06,0.999506563112934,0.000491396257821687
"491",2.90553412823204e-08,0.999921379687609,7.85912570495142e-05
"492",8.67087921212939e-07,0.999754198565865,0.000244934346213656
"493",1.31445879874271e-06,0.999665357977057,0.000333327564144464
"494",2.35675848818778e-06,0.998464754660277,0.00153288858123466
"495",1.43644060069078e-05,0.997959391220303,0.00202624437368995
"496",1.22418375736715e-06,0.99844776190313,0.00155101391311213
"497",0.00164302670114014,0.990029081643682,0.00832789165517829
"498",2.17060372032845e-07,0.998364795251822,0.00163498768780554
"499",1.51340063889924e-06,0.997647611109208,0.00235087549015323
"500",9.50411021593283e-06,0.995875490845752,0.00411500504403239
"501",3.02327469746083e-05,0.994122288409893,0.00584747884313242
"502",1.11285979233184e-05,0.997902811057949,0.00208606034412803
"503",2.0285734035863e-06,0.99570583008866,0.0042921413379368
"504",2.01861305481395e-05,0.992203030513709,0.00777678335574282
"505",1.56002442962262e-05,0.995182285346896,0.00480211440880807
"506",0.000448104069210395,0.991743719914598,0.00780817601619169
"507",7.73788872898245e-06,0.998112013155336,0.00188024895593471
"508",1.44133224017398e-06,0.996226401197078,0.00377215747068142
"509",3.23031680814376e-06,0.995743513347389,0.00425325633580329
"510",2.15299103579726e-05,0.994523008024839,0.00545546206480302
"511",2.29979474072082e-05,0.994498518172369,0.0054784838802242
"512",1.37624421882722e-06,0.986636533035783,0.0133620907199985
"513",9.27873586099027e-07,0.993694921968377,0.0063041501580369
"514",4.95032065993656e-06,0.993742118718843,0.00625293096049702
"515",1.53278177544351e-05,0.995034199511782,0.00495047267046359
"516",1.77836946214876e-07,0.964518026511937,0.035481795651117
"517",8.96798105754758e-06,0.883459379614613,0.11653165240433
"518",1.67852458392522e-08,0.966950714999565,0.0330492682151888
"519",9.56160305031794e-06,0.984373214071596,0.0156172243253539
"520",0.000345444179632788,0.991931602949235,0.00772295287113246
"521",5.91505281860114e-06,0.997340311944436,0.00265377300274501
"522",2.71810227414907e-08,0.966412678299086,0.0335872945198918
"523",1.10340511757031e-05,0.994089401493565,0.00589956445525903
"524",2.45363306519581e-07,0.964608409621935,0.0353913450147588
"525",1.4429104252004e-05,0.978158177164557,0.0218273937311906
"526",2.09217764102081e-06,0.914670086849798,0.0853278209725611
"527",2.30335254463037e-06,0.87172499772073,0.128272698926725
"528",7.92481487781171e-08,0.999938519784228,6.14009676228849e-05
"529",5.55706614781386e-05,0.989165861551929,0.0107785677865932
"530",7.54811521421176e-05,0.987490264120604,0.0124342547272539
"531",4.88755795277212e-08,0.99996671889684,3.32322275801789e-05
"532",2.55826546761169e-05,0.999869025235102,0.000105392110222188
"533",6.11304706023756e-06,0.995365201883489,0.00462868506945032
"534",6.39054134293362e-06,0.994442989838119,0.00555061962053788
"535",0.00172431684790368,0.981356505232846,0.0169191779192504
"536",5.0866097208274e-05,0.993021977233158,0.00692715666963358
"537",0.033298485737783,0.960203159369985,0.0064983548922317
"538",3.59838458633115e-07,0.986492087299641,0.0135075528619004
"539",7.12872311218331e-06,0.958083813993927,0.0419090572829613
"540",3.90212227657968e-05,0.971697584045992,0.0282633947312427
"541",1.58669988062547e-05,0.763833115344339,0.236151017656854
"542",9.99941951087526e-07,0.988161166001024,0.011837834057025
"543",1.34911624181484e-06,0.991452021054573,0.00854662982918554
"544",3.5544740538195e-05,0.993421293975986,0.0065431612834762
"545",3.06769315491225e-06,0.992795789394083,0.00720114291276241
"546",2.86442485351128e-05,0.992037570218833,0.00793378553263197
"547",0.00028008987289754,0.991878347886062,0.00784156224104014
"548",2.36453176028326e-05,0.990146697583893,0.00982965709850474
"549",0.000918641719469225,0.999010366808186,7.09914723442669e-05
"550",0.00280136300376755,0.996391317017768,0.000807319978464748
"551",8.77510046715257e-05,0.996054914317264,0.00385733467806497
"552",0.000892193013622541,0.993512356966027,0.00559545002035011
"553",1.0649686228824e-05,0.996796759885097,0.00319259042867391
"554",0.000466049389113506,0.998191625491272,0.00134232511961411
"555",4.70417694644409e-06,0.997147045619134,0.00284825020391931
"556",8.38535066648816e-06,0.99718120186862,0.00281041278071319
"557",0.0471832063859906,0.952601988995346,0.000214804618663783
"558",0.0410512150255469,0.957896081799031,0.00105270317542219
"559",0.0426772047534693,0.95501791762966,0.00230487761687028
"560",0.00530281716796816,0.988006815249037,0.00669036758299482
"561",0.0363945587432614,0.958717834811102,0.00488760644563707
"562",0.0732453097655509,0.920925239514017,0.00582945072043231
"563",0.969238627519156,0.0307558579703146,5.51451052909825e-06
"564",0.997860613900299,0.00213436122372643,5.02487597428151e-06
"565",0.999328661652582,0.000671232623757847,1.0572366031153e-07
"566",0.999796974761032,0.000202789566952655,2.35672015642115e-07
"567",0.999456044622983,0.000543773217311258,1.82159706042531e-07
"568",0.985760178880366,0.0142220959968839,1.77251227501997e-05
"569",0.999912211397697,8.77726605680826e-05,1.59417348909524e-08
"570",0.999988729937907,1.12674959426998e-05,2.56614986746678e-09
"571",0.999994403494483,5.59544206543062e-06,1.06345188686246e-09
"572",0.99969923493312,0.000300642716094177,1.22350786046322e-07
"573",0.997444827413326,0.00255469925809553,4.73328578035911e-07
"574",0.999823111040702,0.000176820332154476,6.86271436269876e-08
"575",0.546058326727346,0.453071314904414,0.000870358368239623
"576",0.0081359661958248,0.991775974176973,8.805962720256e-05
"577",0.935410344721449,0.0645738809267875,1.57743517631428e-05
"578",0.999505019151862,0.000494335817076095,6.45031061844429e-07
"579",0.998631030856268,0.0013687738407026,1.9530302919198e-07
"580",0.999800431521977,0.000199073281885003,4.95196138335527e-07
"581",0.999991139102211,8.86063389785059e-06,2.63890806478036e-10
"582",0.999995945088689,4.05429427064618e-06,6.17040283720424e-10
"583",0.999964289006292,3.56804426965449e-05,3.05510111227279e-08
"584",0.999962807518148,3.71564610408546e-05,3.60208111531574e-08
"585",0.999998699423653,1.3005016661887e-06,7.46804564229544e-11
"586",0.999979681962927,2.03065087167523e-05,1.15283559431144e-08
"587",0.99999647080705,3.5287782972323e-06,4.14652378465666e-10
"588",0.999964906994776,3.50631151319884e-05,2.98900918356236e-08
"589",0.000410821888494198,0.998181683449878,0.00140749466162782
"590",5.53825285623733e-05,0.995769986332698,0.00417463113873946
"591",4.97671203506069e-05,0.992972581263096,0.00697765161655355
"592",5.24884888232141e-05,0.992656953229431,0.00729055828174597
"593",0.000750441898808447,0.998013895074192,0.00123566302699991
"594",0.0362152047023035,0.960304792974882,0.00348000232281426
"595",0.996776616208786,0.00322229819717868,1.08559403550121e-06
"596",0.0138296336389515,0.979195095508343,0.00697527085270493
"597",0.000835051855507321,0.997783249033173,0.00138169911131975
"598",2.40379706354972e-05,0.996847059333215,0.00312890269614919
"599",3.98626723824996e-05,0.997131111926439,0.00282902540117865
"600",2.15630173511014e-06,0.998391217239655,0.00160662645861029
"601",2.86136572689143e-06,0.998619307824714,0.00137783080955939
"602",0.013200164203243,0.985329991391251,0.0014698444055058
"603",0.993735066239229,0.00626095623929132,3.97752147939799e-06
"604",0.011157146042728,0.986411584866664,0.00243126909060799
"605",0.000247070345329664,0.996683634418066,0.00306929523660432
"606",0.0446976224118879,0.954104675675043,0.00119770191306879
"607",6.09882602789803e-08,0.999794553052351,0.000205385959388447
"608",7.56726817653912e-06,0.998021347180724,0.00197108555109916
"609",4.91203434859556e-05,0.994271145280981,0.00567973437553345
"610",5.91547659794311e-06,0.996568607591552,0.00342547693184996
"611",1.68303073168151e-05,0.995165892129663,0.00481727756302054
"612",1.1044501058888e-05,0.997228050720663,0.00276090477827804
"613",1.33123145478224e-05,0.996461001445199,0.00352568624025365
"614",2.86561125505051e-07,0.996445564366881,0.00355414907199328
"615",4.94143733501246e-06,0.995398531338693,0.00459652722397215
"616",3.86434739111583e-05,0.992743499975711,0.0072178565503781
"617",3.81721135961825e-06,0.995545012075765,0.00445117071287533
"618",3.59485151384971e-05,0.992999439261026,0.00696461222383563
"619",2.22725839758547e-07,0.999600776998268,0.000399000275892413
"620",2.69485692543756e-05,0.976877405590785,0.0230956458399604
"621",2.0644356599411e-05,0.996276858215925,0.00370249742747562
