"","(1,R1)","(2,R1)","(3,R1)","(4,R1)"
"1",0.00701424790364883,6.35165982162411e-05,0.98334080918121,0.00958142631692514
"2",0.00258573472660565,1.42871270006523e-06,0.9911832693186,0.00622956724209397
"3",0.0116777973102443,8.79788931637701e-08,0.981253590469433,0.00706852424142909
"4",0.988138297125304,3.99715452867496e-06,0.0118326032911736,2.51024289938169e-05
"5",0.000626347512275432,3.8159503806929e-07,0.990381881819196,0.00899138907349031
"6",0.000202169338493309,1.63853543427756e-05,0.990204140345469,0.00957730496169453
"7",0.000436363141670141,1.60562076235339e-07,0.989602688106365,0.00996078818988897
"8",0.00235537405415986,2.14529992106075e-07,0.988780902629356,0.00886350878649241
"9",0.00014071104957622,5.5887133992882e-08,0.996472084258853,0.00338714880443679
"10",0.000491874020810089,1.04838555260897e-07,0.987583088161904,0.0119249329787306
"11",0.00179084893225738,1.25663093669055e-07,0.98478450429039,0.0134245211142585
"12",0.00323915957231428,3.04713912141684e-07,0.987018478124442,0.00974205758933102
"13",2.71691536627931e-06,5.45883793417138e-08,0.999766740928559,0.000230487567695038
"14",1.96694779404504e-07,2.86817845815143e-10,0.999899649438099,0.000100153580303487
"15",1.8277550215147e-07,1.72993168193339e-10,0.999660587557816,0.0003392294936884
"16",2.31139628459212e-06,1.38797881872915e-09,0.998561019382179,0.00143666783355745
"17",8.90034167274393e-05,1.08790716573258e-07,0.991688388529266,0.00822249926329039
"18",0.000106111346229839,2.26909414313262e-07,0.965338746789485,0.0345549149548708
"19",6.32982163282005e-05,1.45052442785737e-07,0.995549015205964,0.00438754152526522
"20",8.40474486953619e-05,5.24212831316434e-09,0.997111405611175,0.0028045416980009
"21",0.000366297018959413,1.30266493359137e-08,0.995762098554862,0.00387159139952922
"22",0.00374295798096806,1.34987851724607e-08,0.991798314527229,0.00445871399301755
"23",0.000976832072682266,6.17080669397705e-07,0.991058099175182,0.00796445167146628
"24",0.00236638259237158,2.84410158836641e-08,0.992808690231721,0.00482489873489153
"25",0.00290352482763006,1.87439023134702e-07,0.990262088563254,0.00683419917009268
"26",0.0203835331698759,1.69307941686559e-08,0.975675890456791,0.00394055944253883
"27",0.0277806530768429,1.92338528015847e-08,0.968749113951177,0.00347021373812708
"28",0.0457171234427271,3.67364898539989e-06,0.948300079335096,0.00597912357319128
"29",0.0447961651652726,3.91625609902779e-08,0.952805007458522,0.00239878821364452
"30",1.2227598372611e-06,1.22417814023058e-09,0.999300581046969,0.000698194969016054
"31",1.21508093834103e-05,1.45379616591422e-08,0.997268436369309,0.00271939828334645
"32",4.72711353643018e-05,1.09587038501471e-07,0.996712051893207,0.00324056738439023
"33",2.27090026660759e-06,1.92522099908354e-09,0.997016588355549,0.00298113881896397
"34",0.000140162931019124,1.99797428580123e-07,0.991106848173526,0.00875278909802612
"35",1.73637476408246e-06,3.55617651452753e-09,0.99981625755889,0.000182002510169644
"36",4.97669748177542e-06,4.74763608118108e-09,0.99671955896394,0.00327545959094251
"37",9.21850116981151e-05,1.70460669390243e-07,0.993516805404676,0.00639083912295684
"38",1.73684051223345e-05,1.9757486264602e-08,0.996097674541008,0.00388493729638384
"39",2.90852086202814e-05,5.5939092393222e-08,0.997487883074749,0.00248297577753857
"40",1.62502453965407e-05,2.09523193154742e-08,0.996845259504995,0.00313846929728905
"41",1.32458924218755e-06,1.36702795979316e-09,0.998213363025282,0.00178531101844746
"42",1.68189188343255e-05,2.33287006091398e-08,0.998090791194613,0.00189236655785241
"43",9.50572758498868e-07,8.21640852838712e-10,0.998148274191806,0.0018507744137943
"44",1.67000437050114e-05,2.12734242339878e-08,0.99788528800239,0.002097990680481
"45",1.55907855768268e-05,1.80946764614531e-08,0.995464393485978,0.00451999763376829
"46",3.80295669198759e-06,3.80353149130635e-09,0.998393760112527,0.00160243312724981
"47",3.51975780337786e-05,3.52937621729744e-08,0.993191785764196,0.00677298136400843
"48",8.87977731950758e-05,1.03327537209962e-07,0.990967736138912,0.00894336276035603
"49",1.27083592923994e-05,1.2701845964018e-09,0.998716598011166,0.00127069235935674
"50",1.61295791486839e-05,1.74859682829387e-08,0.996091758643491,0.00389209429139169
"51",6.55465967826877e-05,1.11328416740052e-07,0.994679177756204,0.00525516431859634
"52",4.07422972232556e-05,4.90548521324481e-08,0.994399680926275,0.00555952772164976
"53",4.02319279711952e-05,6.06359939720926e-08,0.995731911503504,0.00422779593253127
"54",0.000265194109340589,1.38165418401239e-09,0.998451286504853,0.00128351800415175
"55",0.0117077571323543,5.97503206185895e-09,0.98628404251488,0.00200819437773336
"56",0.0441475576240583,8.66784867479864e-08,0.952008397399198,0.00384395829825732
"57",0.0339770429537815,7.58058045303256e-08,0.962164265589796,0.0038586156506179
"58",1.47551738114913e-05,1.8631485070072e-08,0.998074347993182,0.00191087820152132
"59",8.32459860243651e-06,1.47903817573045e-08,0.999165575191157,0.0008260854198584
"60",1.48478316503607e-06,1.31803991895595e-09,0.998794129696919,0.00120438420187582
"61",1.49476619652481e-05,1.73375867011245e-08,0.997822504228913,0.00216253077153509
"62",1.31887207788507e-05,1.77047758386767e-08,0.998358295387778,0.00162849818666715
"63",2.80901674570238e-06,2.94144415360504e-09,0.998907470624501,0.00108971741730897
"64",1.57187541115237e-05,1.81687249391483e-08,0.998045310628279,0.00193895244888422
"65",3.47299658735505e-06,4.18354779392029e-09,0.999244471957303,0.000752050862561611
"66",2.05255867577593e-06,2.08914626119998e-09,0.999455114138624,0.00054283121355423
"67",1.52847692868102e-06,1.77305554621649e-09,0.999757187888806,0.000241281861209638
"68",1.56126451289142e-05,2.77157917933847e-10,0.999808154581108,0.000176232496605281
"69",0.0202084552871469,1.57614460161317e-07,0.974516111765506,0.00527527533288741
"70",1.96729000601978e-06,5.81350081622266e-10,0.999854855702114,0.000143176426530321
"71",4.78458764048655e-05,1.25436108234679e-07,0.997000069768876,0.00295195891861044
"72",3.41013246707781e-08,2.11964781211439e-11,0.999940567972448,5.93979050311427e-05
"73",9.95056410404546e-07,4.02908133524682e-10,0.999736667783045,0.000262336757636762
"74",0.000233086627724061,4.59881445080853e-07,0.981558860773681,0.0182075927171497
"75",4.59620425835873e-06,8.72669600671074e-11,0.999701660029456,0.0002937436790187
"76",8.36257372318503e-07,5.18328267527033e-10,0.99865381935881,0.00134534386548918
"77",6.60205737956634e-05,7.6585128982381e-08,0.99511609826105,0.0048178045800256
"78",0.000126011819304478,2.50382918488375e-07,0.991967614881913,0.00790612291586406
"79",1.33541276571062e-05,3.77002988125969e-08,0.997137969664133,0.00284863850791077
"80",0.053622432387521,0.000917622685684775,0.916200775068218,0.0292591698585761
"81",1.58328359977775e-06,1.18975929124145e-09,0.996700815409259,0.00329760011738169
"82",6.94814007383811e-06,6.00848471860217e-09,0.995355219672447,0.00463782617899399
"83",0.000170663851737682,2.64505670887998e-07,0.977736279872422,0.0220927917701696
"84",0.000156893226292161,2.81045784174893e-07,0.99016609836765,0.00967672736027331
"85",2.78844791758422e-05,4.14207027201868e-08,0.995190167227317,0.00478190687280479
"86",2.56240624460407e-05,4.513204367683e-08,0.997528632384463,0.00244569842104743
"87",6.44029665160815e-06,6.47216373861858e-09,0.996334187582197,0.00365936564898779
"88",2.99958647610238e-05,4.1118609845365e-08,0.996466025736539,0.00350393728008968
"89",2.82607203705094e-05,3.31266548967961e-08,0.995718056784281,0.00425364936869409
"90",0.00400904725844576,1.44336760709388e-09,0.995391260365215,0.000599690932971714
"91",0.00223003939970891,1.19245475048319e-07,0.993107261160114,0.00466258019470238
"92",0.0373355310458574,9.73931019741233e-06,0.949199514366513,0.0134552152774325
"93",0.000339933930759962,1.54208679655066e-07,0.993047167065024,0.00661274479553629
"94",0.000129603323476749,1.47178571400123e-07,0.991738343814091,0.0081319056838605
"95",0.0891302348706804,2.44800506267426e-09,0.910513746746646,0.000356015934668573
"96",0.000705217549748365,1.68701084939739e-06,0.996289104857051,0.00300399058235171
"97",0.902244394575591,9.48740011579567e-10,0.0977184081046103,3.71963710587012e-05
"98",0.99807986670708,1.8758830457941e-07,0.00191967049152851,2.75213087139548e-07
"99",0.999583971721451,4.260027627068e-09,0.000415319187153983,7.0483136787758e-07
"100",0.997957619967459,0.00158433483941136,0.000457992038767791,5.31543613851383e-08
"101",0.00873741001248925,0.991262378715684,2.11262149369662e-07,9.67725492009891e-12
"102",0.000197201663058687,0.999802792823614,5.5123837844525e-09,9.43847016771104e-13
"103",9.26924826883174e-05,0.999907234634521,7.28606124602702e-08,2.21778589200721e-11
"104",1.65667956946997e-06,0.999998342260176,1.05993539286595e-09,3.1956251804158e-13
"105",5.60521978162227e-05,0.999943946491062,1.31104362837775e-09,7.82899284223806e-14
"106",1.32705583228441e-07,0.99999986680188,4.9243389088482e-10,1.02513547047635e-13
"107",8.59487873847379e-07,0.999999140352479,1.59637856464928e-10,9.41609531883657e-15
"108",2.60789902281622e-08,0.999999973013424,9.07378947915143e-10,2.06401548545496e-13
"109",2.97732849849723e-09,0.999999996873425,1.49233642548097e-10,1.295494219485e-14
"110",3.64151777843189e-07,3.59684385539992e-10,0.999876015998153,0.000123619490385169
"111",0.000237759837705988,4.74519809498723e-07,0.988486485347824,0.0112752802946602
"112",2.14698493666425e-08,1.95891931148379e-11,0.999890327613929,0.000109650896632736
"113",9.84501233045567e-07,9.863621916257e-10,0.999402107792718,0.000596906719686355
"114",1.02613491269624e-05,1.17650953999775e-08,0.997130202265988,0.00285952461978956
"115",0.000122313678588066,2.18850735945979e-07,0.99204227619324,0.00783519127743637
"116",8.4473055122326e-06,8.64029482733842e-09,0.996724333501006,0.00326721055318726
"117",9.90241910327813e-05,1.60622356746819e-07,0.992808754445232,0.00709206074137866
"118",1.06002980784937e-05,3.2170006429456e-09,0.996732509890172,0.00325688659474917
"119",0.0009205524270325,6.97325692842223e-08,0.993727583713952,0.0053517941264465
"120",4.68822260320544e-06,3.96530383111243e-09,0.996207614644359,0.00378769316773365
"121",3.76981264934163e-05,4.56624644770314e-08,0.995090842784056,0.00487141342698567
"122",3.84057710546901e-05,5.48357621398729e-08,0.991040527571596,0.00892101182158717
"123",3.68836558470001e-06,3.68317777613265e-09,0.998338754162171,0.00165755378906655
"124",0.000159838379364623,2.92032603129418e-07,0.990764029139184,0.00907584044884805
"125",4.96564454864337e-06,4.94848201556317e-09,0.997885526910477,0.00210950249649235
"126",0.00010626645448762,2.02600851219301e-07,0.993064362212282,0.00682916873237948
"127",5.31565821320734e-06,5.6971123870782e-09,0.997564519110371,0.00243015953430285
"128",0.000105520163537293,1.67287670634557e-07,0.992682904782123,0.00721140776666932
"129",1.10002524715298e-06,8.72629714808087e-10,0.997662154150427,0.00233674495169651
"130",6.60084385564741e-05,8.41811873171143e-08,0.994443338714814,0.0054905686654419
"131",3.98394803214689e-06,3.87528119260941e-09,0.997445265984121,0.00255074619256611
"132",9.7637131318814e-06,1.03915203566491e-08,0.996819617232118,0.00317060866322944
"133",2.05701929617755e-05,3.23529257208432e-08,0.997832589393132,0.00214680806098013
"134",3.44014414832476e-05,4.15286208358471e-08,0.995735161285537,0.00423039574435919
"135",3.54775401555108e-08,3.44783158922081e-11,0.999757013075612,0.000242951412369832
"136",3.15316661408449e-06,3.6355065388456e-09,0.995875944101927,0.00412089909595263
"137",1.71153135149865e-05,1.83720068096195e-08,0.992062264534318,0.00792060178015979
"138",8.89376837457441e-05,1.29531398632965e-07,0.98599056547802,0.0139203673068356
"139",8.39676458050101e-05,1.09317692164454e-07,0.990643329071753,0.00927259396474955
"140",1.05383066248281e-06,1.01431589245031e-09,0.992771972901319,0.00722697225370286
"141",0.000135110150439045,2.10649773826569e-07,0.989669284162143,0.0101953950376438
"142",6.48015174741822e-07,5.16285715961157e-10,0.99136248456345,0.00863686690508961
"143",1.67591701163678e-05,1.85952084828716e-08,0.991895736585183,0.00808748564949225
"144",1.60599990067661e-05,1.9325538431616e-08,0.994229424928705,0.00575449574675
"145",4.00990598991298e-05,5.30315797782453e-08,0.994754054673338,0.00520579323518362
"146",3.76067661329334e-05,5.27415110782592e-08,0.995405335588937,0.00455700490341884
"147",6.54795008295257e-06,7.96999538336294e-09,0.959419786102488,0.0405736579774335
"148",1.30555835522736e-05,2.41940738264828e-08,0.997650818601191,0.00233610162118249
"149",2.76978991690888e-06,2.35701897117381e-09,0.945180369531316,0.0548168583217481
"150",4.64495609022397e-05,6.1328766885983e-08,0.960743185481646,0.0392103036286849
"151",2.07354794009699e-05,2.01055591679701e-08,0.853463540988177,0.146515703426863
"152",1.39626955751186e-06,2.07715671339191e-09,0.322538163989538,0.677460437663748
"153",0.00039411621720793,7.92811306813892e-09,0.993855737040352,0.00575013881432701
"154",2.58978771849628e-08,2.37607046617149e-11,0.999560972975278,0.000439001103084273
"155",1.50026546949829e-06,1.55167004038982e-09,0.999097260859995,0.000901237322865171
"156",9.40648485395053e-06,1.15318366986189e-08,0.997272767545003,0.00271781443830653
"157",0.000111816601075122,1.72333583783761e-07,0.992296709451411,0.00759130161393007
"158",2.59398137445083e-06,2.48018578991308e-09,0.997650468631913,0.00234693490652687
"159",7.67227012967914e-05,1.03996924853778e-07,0.993939632679069,0.00598354062270933
"160",4.06703662987493e-06,4.17784532813454e-09,0.997686046869485,0.0023098819160395
"161",5.25829195868345e-05,7.86263901122509e-08,0.995437502055658,0.004509836398365
"162",5.53936789342176e-06,5.71004207389158e-09,0.997474921681092,0.00251953324097235
"163",3.16078957871168e-05,4.00187398536014e-08,0.996382970787243,0.00358538129822951
"164",3.16827260168681e-05,4.03377895716093e-08,0.996396502432637,0.00357177450355677
"165",2.29910280427213e-06,2.50385468425718e-09,0.997558900281139,0.00243879811220192
"166",1.26318513956668e-05,1.42905857973486e-08,0.995494601701668,0.00449275215635062
"167",7.73877430549739e-05,1.33099970889805e-07,0.993905677838271,0.00601680131870333
"168",1.82489854391159e-05,2.17747944029493e-08,0.993765396895168,0.00621633234459904
"169",9.86598563692049e-06,1.83468678163543e-08,0.970173262020505,0.0298168536469899
"170",5.65041440108863e-06,6.37753055819877e-09,0.996466134262735,0.00352820894533356
"171",2.31819295621506e-05,2.97768632226047e-08,0.996799342878224,0.0031774454153506
"172",1.30444498309836e-05,1.50441487621691e-08,0.996332163023393,0.00365477748262729
"173",7.23526969077445e-06,9.63967103803916e-09,0.995420969593463,0.00457178549717538
"174",9.04658145633435e-07,8.64491245176674e-10,0.994749992406399,0.00524910207096375
"175",3.19291229472521e-05,3.77861083224895e-08,0.99100090969461,0.00896712339633435
"176",9.6783211487056e-06,1.85027175302975e-08,0.968340746542311,0.0316495566338225
"177",6.32073510943877e-05,9.30770490085597e-08,0.99289296039339,0.00704373917846684
"178",1.91600345794285e-06,1.92159259027898e-09,0.993579977957551,0.00641810411739897
"179",4.08734798409378e-06,8.81660218556252e-09,0.966088611090182,0.0339072927452318
"180",8.87960491403277e-07,8.71281976684703e-10,0.992030120558264,0.00796899060996225
"181",6.52451771663946e-06,7.49488688236784e-09,0.995180781319295,0.00481268666810132
"182",1.6038487237611e-06,1.52512108812205e-09,0.996792841632315,0.00320555299384005
"183",3.44054729177297e-05,4.44312021643808e-08,0.992293638496808,0.00767191159907204
"184",3.35849673464977e-06,3.53325753022648e-09,0.997948766311652,0.00204787165835611
"185",3.37082672918236e-06,3.52112640411469e-09,0.998581539523116,0.00141508612902795
"186",2.01157759988369e-06,2.17067257373023e-09,0.999194665099832,0.000803321151896008
"187",3.51596909386203e-06,4.7419614954193e-09,0.999552840873331,0.000443638415614108
"188",1.21060022078232e-06,1.25292038364651e-09,0.999286128739403,0.000712659407455513
"189",3.71893807479774e-06,4.27104683456329e-09,0.999408830540148,0.000587446250730224
"190",3.65978967362328e-06,4.21919837022867e-09,0.997802277353161,0.00219405863796729
"191",4.09932963332967e-06,4.65937317602576e-09,0.978105454085882,0.0218904419251118
"192",1.04958094178132e-06,1.10835487873143e-09,0.994746070895881,0.00525287841482207
"193",5.51236206122432e-06,5.60145613369053e-09,0.996397962974006,0.00359651906247659
"194",1.28709217678251e-05,1.36396059414449e-08,0.996533839604148,0.0034532758344778
"195",5.10061882967156e-07,4.91390607763257e-10,0.998869607330225,0.00112988211650102
"196",2.1800096092267e-05,5.83296740341568e-09,0.997576199284977,0.00240199478596339
"197",0.000248937093966966,8.96894019838612e-09,0.995909431297426,0.00384162263966656
"198",2.5967997504963e-07,2.59788757792812e-10,0.999641276178285,0.000358463881951306
"199",5.03873332449708e-07,5.01977996753759e-10,0.999715861098558,0.000283634526131202
"200",9.90335293722587e-06,1.12660178659287e-08,0.998894936461767,0.00109514891927827
"201",8.36788406424758e-07,7.96685725277937e-10,0.999639289581918,0.000359872832989538
"202",5.22212345540255e-06,6.61378380126777e-09,0.999368912982885,0.000625858279875457
"203",5.73614375715501e-06,6.18082008906411e-09,0.99921461653109,0.000779641144332728
"204",2.11789456291832e-07,2.07662520553805e-10,0.999731845144977,0.000267942857904615
"205",1.8079862041762e-06,1.80032559372355e-09,0.999242478695863,0.000755711517607224
"206",7.62792769566389e-06,8.6820864330151e-09,0.997157292976313,0.00283507041390472
"207",1.23471501554464e-06,1.2405171709243e-09,0.999620048121942,0.000378715922525141
"208",6.02905324163021e-06,7.46620595905664e-09,0.999271484353865,0.000722479126687848
"209",7.01797399280097e-06,8.12166262114062e-09,0.99913222103365,0.000860752870694407
"210",2.7014007332674e-07,6.75903583658727e-11,0.997693564407611,0.00230616538472525
"211",1.95145997961097e-05,2.23300366952781e-08,0.996210425815908,0.00377003725425946
"212",9.3215045846669e-05,1.91577675309014e-07,0.993762539868909,0.00614405350756913
"213",5.4262476664719e-06,6.10810127375927e-09,0.9965102184282,0.00348434921603192
"214",6.79178425972245e-05,8.61378254587966e-08,0.990834770615314,0.00909722540426377
"215",4.04230010535047e-06,4.38840328804091e-09,0.997972081621079,0.00202387169041253
"216",9.08511961334944e-07,3.73671970168345e-10,0.998790101401192,0.00120898971317471
"217",9.45712691903621e-05,5.49727565304968e-09,0.997872220211121,0.00203320302241289
"218",4.17757753978588e-05,2.81714783507778e-08,0.997027097543763,0.00293109850936124
"219",4.5294570173386e-06,2.00101259358726e-10,0.998650483870975,0.00134498647190675
"220",2.39856843461803e-05,2.64620169454059e-08,0.997307063096664,0.00266892475697323
"221",9.50955666890302e-05,5.96113025039641e-09,0.99823668747614,0.00166821099604018
"222",9.3476236720329e-06,8.01118942509106e-11,0.994825297799264,0.00516535449695169
"223",1.33284210790869e-06,1.40439321316518e-09,0.881973270532322,0.118025395221177
"224",1.59237860283208e-06,1.50457722390385e-09,0.9310548252863,0.0689435808305197
"225",2.82187289609102e-05,3.31634664984725e-08,0.951856759950959,0.0481149881566136
"226",0.00137707537711317,6.73452236101772e-06,0.97594467246799,0.0226715176325362
"227",2.99212477340825e-05,3.96792975043257e-08,0.975275187950826,0.0246948511221423
"228",2.48427961523569e-05,3.14997340274424e-08,0.981316972604048,0.0186581531000656
"229",8.0755847578245e-06,8.61258819189421e-09,0.951558282467641,0.0484336333350133
"230",5.17403117041298e-05,9.20381535368744e-08,0.990635224855104,0.00931294279503861
"231",1.4159188487644e-05,1.55386099461524e-08,0.968008412428498,0.0319774128444047
"232",4.81051512375794e-05,6.24873101518767e-08,0.973902029477181,0.0260498028842709
"233",3.31707518582191e-05,5.27963349093974e-08,0.992915181516067,0.00705159493573949
"234",2.35460262115124e-09,2.93935497787088e-12,0.00435394710402165,0.995646050538436
"235",9.84741273902004e-09,1.13148334667213e-11,0.00195152006834301,0.99804847007293
"236",4.19816487249155e-10,6.41603076299057e-13,0.000190631582728206,0.999809367996814
"237",8.26683001792155e-08,9.68934830049339e-11,0.0132771266915179,0.986722790543288
"238",1.27382732665085e-06,1.81100228648673e-09,0.890897725612164,0.109100998749507
"239",1.63045063248927e-09,2.21145456075415e-12,0.000466696917321331,0.999533301450017
"240",1.80229361252837e-09,1.76206077737938e-12,0.00236331191828408,0.99763668627766
"241",5.09935620036106e-07,7.25356574746343e-10,0.0278208345649444,0.972178654774079
"242",2.61543015480671e-09,2.45302213073683e-12,0.00395864265708331,0.996041354725034
"243",6.56147321856447e-07,7.34419559561141e-10,0.0795005770245949,0.920498766093664
"244",1.06104580284443e-07,1.71139171219714e-10,0.0986100264095276,0.901389867314753
"245",1.06327076305391e-05,1.33205422694387e-08,0.749609667899799,0.250379686072028
"246",3.48825860774852e-08,3.68588409998444e-11,0.0075665773899883,0.992433387690567
"247",4.29959161349575e-07,6.02208256253766e-10,0.0510464239634825,0.948953145475148
"248",8.29043892855558e-07,1.05662703857622e-09,0.0968599898086473,0.903139180090833
"249",3.28078954815533e-07,3.92732532709703e-10,0.0974788997977127,0.9025207717306
"250",0.00159417855633379,1.29463250422452e-10,0.994927845394333,0.00347797591986978
"251",0.0159963358832917,1.34572862234886e-08,0.972131481199428,0.0118721694599945
"252",0.924324963022147,4.48660640934934e-09,0.0752185064524225,0.000456526038824084
"253",0.000136422804722414,2.42543966263977e-07,0.70612603958613,0.293737295065181
"254",0.000352361475501347,1.17854689614707e-06,0.830701912715722,0.16894454726188
"255",9.73958535662356e-07,1.0694209981438e-09,0.472305636032643,0.5276933889394
"256",6.54679909759865e-07,7.99577348351919e-10,0.985504218459371,0.0144951260611417
"257",3.38950771182274e-09,3.35414752775464e-12,0.0805951283849971,0.919404868222141
"258",1.20531142050805e-09,1.25471798647722e-12,0.00376508224002737,0.996234916553407
"259",2.65701855904959e-09,2.62417778663269e-12,0.0881470365116322,0.911852960828725
"260",3.91650160804533e-07,4.12951982077615e-10,0.848568960510333,0.151430647426554
"261",2.1107019777546e-09,2.06453433671317e-12,0.085093679837275,0.914906318049958
"262",2.94280417210216e-07,3.09622222936472e-10,0.880531575403155,0.119468130006806
"263",2.25001374056707e-10,2.30137476235359e-13,0.00523200855130402,0.994767991223464
"264",9.37977133102038e-10,9.73453045129772e-13,0.00876049081035583,0.991239508250694
"265",5.93508594145186e-14,6.09113187733348e-17,1.05249205154238e-05,0.999989475079425
"266",2.70754156210096e-12,2.71240435638467e-15,0.000141151981765842,0.999858848015524
"267",7.37067899126201e-15,7.33019811603289e-18,7.11072452993752e-07,0.99999928892754
"268",0.00226048523651847,4.38504648790437e-10,0.996105975172343,0.00163353915263435
"269",0.000186278770231798,3.68986002303437e-07,0.992587830840456,0.00722552140330943
"270",0.00811469709807548,7.83809993071937e-11,0.991141652670329,0.000743650153214361
"271",0.543141426670004,5.00463589487495e-09,0.456359248625921,0.000499319699439628
"272",0.545997892882543,4.08298020716031e-07,0.453023229334424,0.000978469485012603
"273",0.968435473648951,2.45352605826003e-10,0.0315365372145657,2.79888911302695e-05
"274",0.978832522806032,3.70236802060448e-08,0.0211159722359009,5.14679343864476e-05
"275",0.998470211567059,9.61528004253911e-11,0.00152878459553856,1.00374125012084e-06
"276",0.999946333102426,8.7004180276071e-11,5.36394368741962e-05,2.73736952962151e-08
"277",0.998407526906768,1.08608047061551e-08,0.00159088678573724,1.57544669023277e-06
"278",0.00806209027016555,3.15856094908167e-09,0.991360678064571,0.000577228506702812
"279",0.00960942466860755,4.9535590260075e-10,0.989978733812221,0.000411841023815486
"280",0.0068164270730438,5.79331520038709e-07,0.986121690288728,0.00706130330670763
"281",0.0243645648729272,3.29060410838678e-10,0.975376195752071,0.000259239045941411
"282",0.00262909632110123,2.94671855761161e-06,0.989639543191823,0.00772841376851796
"283",0.68059884553619,7.36623605647928e-11,0.319355294311792,4.58600783561336e-05
"284",0.95243185884403,4.18966713769716e-09,0.0474625363246169,0.000105600641685841
"285",0.690006253452196,1.77455714118565e-09,0.30993910227331,5.46424999366913e-05
"286",0.289504823774049,1.82748194357965e-05,0.707791304796964,0.00268559660955134
"287",0.874296242211404,2.36252640929608e-10,0.125684813431967,1.89441203763806e-05
"288",0.811157792532958,4.82668633526001e-08,0.188817918207105,2.42409930737974e-05
"289",0.987930585941883,1.17807136668503e-11,0.012067733360062,1.68068627456351e-06
"290",0.999573286721036,1.55002531411578e-12,0.000426685012011942,2.82654017896321e-08
"291",0.998619141718066,4.22808547354448e-08,0.00137879672268558,2.01927839410151e-06
"292",0.999966270812834,2.38846702181741e-12,3.37269243341631e-05,2.26044324647145e-09
"293",0.99999367962509,7.13805506610307e-12,6.31962322100008e-06,7.44550820765473e-10
"294",0.999999429829322,1.34579826629912e-13,5.70163524426272e-07,7.0189714579901e-12
"295",0.999969842896989,4.56157229200563e-10,3.01414881465581e-05,1.51587070797774e-08
"296",0.999999924824763,1.85322895680001e-14,7.51750735244768e-08,1.44685299753596e-13
"297",0.99999994506163,1.24504346540485e-14,5.49382274745943e-08,1.30472388562564e-13
"298",0.999998285556691,1.66594928944117e-11,1.71437027836142e-06,5.63713980703888e-11
"299",0.999978287266477,2.48211065778974e-10,2.17042003230591e-05,8.28498875690876e-09
"300",0.999997308821787,6.75832355438658e-12,2.69100883107705e-06,1.62623612453862e-10
"301",0.999988848460428,5.58116276429971e-11,1.11490781657078e-05,2.40559418815878e-09
"302",0.999987665721538,1.27946716438403e-10,1.23313397263561e-05,2.81078881458011e-09
"303",0.99999920738801,4.34237058924293e-13,7.9259725753584e-07,1.42978689971905e-11
"304",0.999989033873439,6.59448413014977e-11,1.09637390983608e-05,2.32151823801467e-09
"305",0.999999945207684,7.85306289016362e-15,5.47922288728672e-08,7.89606923691783e-14
"306",0.999999726701021,1.35753346320448e-13,2.73296534417253e-07,2.30876991806531e-12
"307",0.999994075745169,2.55817955296519e-11,5.92351087970222e-06,7.1836916816237e-10
"308",0.999996888748417,2.86728809466959e-11,3.1110331091632e-06,1.89800691853062e-10
"309",0.999999823037502,9.31235919026283e-14,1.76961632228695e-07,7.72107647996422e-13
"310",0.999992995787824,3.59095197784417e-11,7.00319013165649e-06,9.86134803705466e-10
"311",0.999999434859811,7.50972698361994e-13,5.65131998245567e-07,7.43947673618164e-12
"312",0.999997009974632,4.26726922787679e-12,2.98982797360763e-06,1.93126865604936e-10
"313",0.999998255770906,4.21592907517452e-12,1.74415809131678e-06,6.67864331202143e-11
"314",0.999997544897667,5.70305106679823e-12,2.45496412085871e-06,1.32509177934076e-10
"315",0.000178578207463975,2.19578526377806e-05,0.999687205195435,0.000112258744463245
"316",0.000808186895916107,0.999180393431843,1.1413350263388e-05,6.32197766018642e-09
"317",1.65984372936328e-06,5.7492343027426e-08,0.999955746284008,4.2536379919568e-05
"318",1.79106552699225e-05,2.72084489983627e-09,0.998451064836518,0.00153102178736691
"319",0.00312972090622118,4.07556485024647e-07,0.985809979502414,0.0110598920348802
"320",4.03482643098161e-05,3.61429980482271e-09,0.998213623728172,0.00174602439321825
"321",0.0810037421524774,1.1800317203675e-08,0.918652980750953,0.000343265296252356
"322",1.40939465056849e-06,9.22294494116546e-10,0.998035275236269,0.00196331444678562
"323",4.31640531356832e-05,4.83447422283056e-08,0.995087905015617,0.00486888258650511
"324",0.00205641337273668,1.06443155427627e-05,0.984074955440202,0.0138579868715183
"325",0.000125058110411893,2.07919495850594e-07,0.991326100499293,0.00854863347079944
"326",1.98990239631366e-06,1.94398221057646e-09,0.997835382034393,0.00216262611922803
"327",3.732404730316e-05,4.65927407294163e-08,0.9937274244598,0.00623520490015591
"328",5.6077302234677e-05,6.79228391997655e-08,0.992993930888909,0.0069499238860177
"329",5.36046410356889e-06,5.70668371090533e-09,0.997183829753195,0.00281080407601761
"330",3.19773450700841e-05,4.41519778335655e-08,0.991494030441308,0.00847394806164386
"331",3.04755957229545e-05,3.66045099214308e-08,0.993744710987025,0.00622477681274255
"332",9.52759985878527e-06,1.08405510854787e-08,0.996958281628903,0.00303217993068744
"333",6.63534942460898e-06,6.70198656543283e-09,0.997233437804495,0.00275992014409394
"334",5.12321674729727e-06,5.28994799134558e-09,0.997713067876005,0.00228180361729967
"335",1.54825376612657e-05,2.34512083179685e-08,0.998310786166655,0.00167370784447581
"336",1.13805888592192e-05,7.57570352554004e-09,0.997573017585692,0.0024155942497456
"337",0.000456439751593519,1.26484925258579e-08,0.994904618557741,0.00463892904217304
"338",1.31055133243118e-05,1.68497525814781e-08,0.998212062739103,0.00177481489782033
"339",1.78453392411492e-07,1.12650919163378e-10,0.999969090662855,3.07307711017858e-05
"340",0.00124764690513203,2.5780844337171e-08,0.996447725071523,0.00230460224250042
"341",1.0588620796807e-05,2.79545843837434e-08,0.999291227687831,0.000698155736788226
"342",0.0142675705572019,1.37821298881251e-08,0.983309166215484,0.00242324944518416
"343",0.926681592811196,4.45768741602251e-09,0.073071578104453,0.000246824626663778
"344",8.00780313886029e-05,5.97486982895905e-08,0.993473680626153,0.00644618159376008
"345",5.70223632761434e-05,6.52107999965359e-08,0.989847071777837,0.0100958406480873
"346",2.34845091959477e-05,1.59783092512832e-08,0.993105136607111,0.00687136290538369
"347",3.75520270702734e-05,4.76610964124494e-08,0.990024963824601,0.00993743648723231
"348",1.20497216917054e-07,1.61239637781175e-11,0.999966703260819,3.31762258400206e-05
"349",0.000300286902463946,4.79340083171523e-07,0.988008180970595,0.0116910527868582
"350",2.43018180113489e-06,1.73981850860984e-11,0.999961961852726,3.56079480749874e-05
"351",0.0414357936434356,2.42528377058147e-07,0.951450615073614,0.00711334875457315
"352",2.64374218004627e-06,8.13905025873177e-11,0.999959204204202,3.81519722273867e-05
"353",0.00200424121628154,1.19133984226943e-07,0.995130583141076,0.00286505650865797
"354",1.9702302749545e-05,4.16393383532412e-11,0.999957590126448,2.27075291629016e-05
"355",0.400634377439415,7.61365457664594e-08,0.596540043492005,0.00282550293203444
"356",0.988577520205228,5.66330600931029e-10,0.0114024855358281,1.99936926128704e-05
"357",0.404793052587063,4.29801245640887e-08,0.5950475542729,0.000159350159912274
"358",1.24344328219814e-06,6.33345079424259e-11,0.999981357678574,1.73988148095402e-05
"359",4.20096504397433e-05,7.92952689518077e-08,0.994538923762716,0.00541898729157579
"360",2.43019859412392e-05,3.42265715447313e-08,0.996829967919697,0.00314569586778968
"361",2.95760988848828e-05,3.82893235665706e-08,0.995791451260319,0.00417893435147207
"362",3.95022570452165e-09,9.69504990061079e-13,0.999991089109593,8.90693921203268e-06
"363",9.25612436213906e-08,1.39364033837492e-11,0.999985815562275,1.40918625447795e-05
"364",0.000442170555820265,7.36714638654067e-09,0.998668327740072,0.000889494336961586
"365",0.0506416626171214,1.48698479789222e-05,0.934841436175637,0.0145020313592632
"366",0.000601834484133669,4.98841588978114e-10,0.998645126136466,0.000753038880558734
"367",0.150681825734944,3.7167135607262e-09,0.845129968591323,0.00418820195702043
"368",0.998537898557752,1.13190654543661e-11,0.0014616625059123,4.38925016190662e-07
"369",0.152312406431122,1.85575190565319e-09,0.841054177818123,0.00663341389500331
"370",0.0683027500707114,1.01658865581269e-05,0.903329894759067,0.0283571892836636
"371",0.779743840345076,4.01987537610889e-09,0.218364775961104,0.0018913796739442
"372",0.999914976101163,3.86787270394243e-13,8.50183496204715e-05,5.54882989021238e-09
"373",6.00017905848503e-05,7.08566920889857e-09,0.999121675793721,0.000818315330024577
"374",1.32769408712728e-05,3.11860932360558e-08,0.998975009219463,0.00101168265357271
"375",4.32188252022185e-06,5.68265130396971e-10,0.999192330430198,0.000803347119016442
"376",8.900995794506e-05,9.31863304926923e-09,0.997824240981043,0.00208673974237895
"377",7.41292090021127e-06,4.57909350992648e-09,0.997213353260938,0.00277922923906815
"378",7.91324953417297e-05,1.08721977293221e-07,0.993662077575294,0.00625868120738721
"379",1.90446526033373e-05,2.08121230250883e-08,0.996006725659245,0.00397420887602869
"380",9.82105886409664e-06,1.7709193444785e-08,0.998988129299818,0.00100203193212472
"381",5.01399787405395e-05,6.8384188823003e-08,0.994871413109948,0.0050783785271223
"382",9.97258269503775e-06,5.48769643019837e-09,0.998421953249252,0.00156806868035657
"383",5.07759084115317e-05,8.02219902226555e-08,0.995077288676258,0.00487185519333977
"384",1.78929784625698e-05,2.39101039847197e-08,0.997434239430055,0.00254784368137882
"385",0.000134025140434216,7.43759007454173e-09,0.997854109897995,0.00201185752398091
"386",0.000861859807612769,3.55236590266002e-09,0.997273649753717,0.00186448688630385
"387",9.72036611620151e-06,1.80767578611607e-08,0.99924767150898,0.000742590048146227
"388",0.0134753924867569,9.79980620694838e-09,0.98473636214261,0.00178823557082723
"389",0.984359584857792,1.73554771213098e-10,0.0156274054508287,1.30095178247852e-05
"390",5.98941399351501e-06,1.05964068014211e-08,0.999868907862037,0.000125092127562951
"391",2.70581966046418e-07,1.05196830495032e-10,0.999965503774742,3.42255380955494e-05
"392",0.00320556395586958,4.48223252654861e-07,0.985437687782275,0.0113563000386025
"393",8.30847052081158e-09,7.53044589515396e-12,0.999969289930369,3.07017536295704e-05
"394",4.1956693595424e-08,3.80846888886021e-11,0.999593214179526,0.000406743825695362
"395",2.38160093425216e-05,2.67153564299837e-08,0.962349077777477,0.0376270794978242
"396",7.55860202014223e-05,1.12573506118104e-07,0.839798607993067,0.160125693413226
"397",0.000145598576130423,2.36820900911287e-07,0.979723766111805,0.0201303984911632
"398",6.22057357204721e-08,4.31018241949198e-11,0.999602685687449,0.000397252063713053
"399",6.66190715681712e-07,6.87738900025472e-10,0.998879123403872,0.0011202097176738
"400",3.89653162897451e-06,3.86090401329277e-09,0.998177101964856,0.00181899764261128
"401",9.44007457673541e-05,1.73271775907552e-07,0.99360088566163,0.00630454032082689
"402",8.593945733668e-06,7.95597513785767e-09,0.996012735488542,0.00397866260974944
"403",6.38539411875271e-05,7.78140902050998e-08,0.993587424160414,0.00634864408430869
"404",7.97191289684147e-05,1.12429994768439e-07,0.993172777975368,0.00674739046566923
"405",1.87454611507571e-06,1.8274439721387e-09,0.998440267101117,0.00155785652532427
"406",1.09525364957797e-05,1.1977754887077e-08,0.99686479707531,0.00312423841043911
"407",5.31248503991973e-05,9.41022865245609e-08,0.995683204683107,0.00426357636420729
"408",1.07834228203983e-05,1.14470523630154e-08,0.994274985464359,0.00571421966576806
"409",1.95286306153131e-05,3.11976229732619e-08,0.997736814512728,0.00224362565903361
"410",2.84482436151284e-05,3.14441592331272e-08,0.991989258791474,0.00798226152075118
"411",1.76028097605822e-05,2.25570167712438e-08,0.997158123227212,0.00282425140601086
"412",8.15897696952726e-06,1.05410174377055e-08,0.99728106243121,0.00271076805080329
"413",1.07297788168704e-05,1.17407187567683e-08,0.997623013115679,0.00236624536478548
"414",6.2580482522365e-06,8.56438877290556e-09,0.99595623970956,0.0040374936777993
"415",1.66918440501352e-05,1.01449157919008e-08,0.998219812161501,0.00176348584953277
"416",0.000468264847624769,1.61542933739707e-08,0.99792304047745,0.00160867852063225
"417",4.84635058598828e-06,5.28638677868172e-09,0.998825475253215,0.00116967310981194
"418",4.95286126547517e-06,5.47964659157537e-09,0.999077291466136,0.000917750192952016
"419",2.10912817249546e-06,1.02666018954663e-10,0.999273603602653,0.000724287166508475
"420",1.08329757716725e-05,1.29796412124271e-08,0.951591975618608,0.0483971784259788
"421",2.73554922505345e-05,3.37182325729127e-08,0.845427725148213,0.154544885641304
"422",2.01265207753182e-05,2.72093375158391e-08,0.659362273742111,0.340617572527777
"423",3.13184728242899e-06,4.37797910552583e-09,0.357975825911397,0.642021037863342
"424",9.18561459428203e-06,1.12323274380986e-08,0.984911570229233,0.0150792329238452
"425",3.64452456643531e-05,4.32547016787433e-08,0.988315962480133,0.0116475490195012
"426",3.40797869092297e-06,3.68404154816876e-09,0.992410687385523,0.0075859009517443
"427",3.03822393812778e-06,2.69170786767279e-09,0.993852109162842,0.0061448499215119
"428",1.00427881773491e-05,1.28564547066435e-08,0.997787699453045,0.00220224490232289
"429",7.83735241105433e-07,1.19224991422679e-09,0.999872024288025,0.00012719078448437
"430",7.46114763432126e-05,3.95533525802209e-10,0.999437754435309,0.000487633692814359
"431",0.715647147446735,2.56863128026461e-08,0.283570560411,0.000782266455951516
"432",1.49746914587694e-06,3.41179960788949e-10,0.999748455835766,0.000250046353907727
"433",4.70828588195621e-07,5.24916799024745e-10,0.99952082856464,0.000478700081854768
"434",7.85533436793074e-07,7.0676898061303e-10,0.999050369510113,0.000948844249681285
"435",2.85165604667136e-05,3.44197070734666e-08,0.996501666207556,0.00346978281227009
"436",2.94333676759164e-05,4.83641807470361e-08,0.997172983630182,0.00279753463796104
"437",3.78194983454385e-05,5.93635770553559e-08,0.99640954095444,0.00355258018363768
"438",4.22504779719837e-06,4.3436576171871e-09,0.998427701972564,0.00156806863598138
"439",5.66328187738235e-07,1.19854240762991e-09,0.999945249394097,5.41830791724879e-05
"440",4.60364795729491e-06,4.1918211986042e-09,0.997498015599355,0.00249737656086624
"441",4.84668694948844e-05,6.07039112479735e-08,0.995254272978441,0.0046971994481532
"442",5.12848244511294e-05,6.67335155555442e-08,0.995158914229566,0.00478973421246778
"443",1.17020462925288e-06,1.06481988750698e-09,0.999325716201123,0.000673112529427812
"444",0.000103861236424817,1.46887331288491e-07,0.993522296797298,0.00637369507894603
"445",1.24065890851512e-06,1.26683397344412e-09,0.999153258706323,0.000845499367934494
"446",7.23150736622366e-05,1.02983848430786e-07,0.994756968852153,0.00517061309033637
"447",7.37636316676801e-07,6.61119808982989e-10,0.999159627357714,0.000839634344849749
"448",6.26936789654423e-05,8.53228217710573e-08,0.995284396924639,0.00465282407357409
"449",8.50873036242373e-07,7.43213110710193e-10,0.998991610211021,0.00100753817272994
"450",3.48672742546943e-05,4.08396615748777e-08,0.996867886487448,0.00309720539863577
"451",1.53982925845554e-06,1.24598158208158e-09,0.998550038934819,0.00144841998994071
"452",3.12351268048087e-05,3.88487777372542e-08,0.996809672562998,0.00315905346141907
"453",2.00382104968512e-05,2.21346578370006e-08,0.997423624189466,0.00255631546537977
"454",4.35649258373442e-07,3.91840265773249e-10,0.999686459369855,0.000313104589045863
"455",1.37520376815246e-05,1.67527293492752e-08,0.99660851716386,0.00337771404572878
"456",6.55325000250682e-05,8.52243433846027e-08,0.99401799980511,0.00591638247052193
"457",1.68079564422345e-05,3.92860792625569e-09,0.997207392407323,0.00277579570762665
"458",2.72403148417101e-05,3.03531054043665e-08,0.996424990201992,0.00354773913006062
"459",0.000482245823459579,2.77249679470524e-08,0.99602104962029,0.00349667683128203
"460",2.88087481051733e-07,2.81214275817521e-10,0.999560461470978,0.000439250160326434
"461",2.21570471435316e-07,2.09551806738178e-10,0.997815837644291,0.00218394057568518
"462",1.24623668107395e-06,1.13283176590416e-09,0.994816671590259,0.00518208104022794
"463",1.39490217597088e-05,1.51088056645236e-08,0.964490092119172,0.0354959437502625
"464",5.75604713750653e-05,7.22192766784093e-08,0.976295373360316,0.0236469939490324
"465",1.24165092311011e-05,2.1297463766575e-08,0.701563897003467,0.298423665189838
"466",4.96715600605697e-05,6.54822157167684e-08,0.992281133215156,0.00766912974256757
"467",2.81148199094015e-05,4.63227489153699e-08,0.99065609261587,0.00931574624147147
"468",1.85040119607373e-05,3.20236808189937e-08,0.99795822601834,0.00202323794601823
"469",3.33238550396163e-06,3.57081042881536e-09,0.99819459741829,0.00180206662539541
"470",1.49759772310809e-06,1.32974488682578e-09,0.998575176231556,0.0014233248409756
"471",0.00123337754801722,6.58202361612874e-06,0.990201833447449,0.00855820698091777
"472",1.73696254104977e-06,1.61774962987138e-09,0.998748757223267,0.00124950419644194
"473",1.01747297761598e-06,7.82512177021734e-10,0.999243772519686,0.00075520922482457
"474",5.25363803576668e-05,2.10000373359703e-08,0.997793163546818,0.00215427907278683
"475",0.00112632770405668,1.20565852250545e-08,0.997376006394178,0.00149765384517995
"476",0.0116826556144286,3.99309924903939e-09,0.987539215198758,0.000778125193714528
"477",1.09558184851605e-06,9.88611567748891e-10,0.999424494365184,0.000574409064355904
"478",8.11001068627157e-07,1.79211336991372e-10,0.999487457286268,0.000511731533452224
"479",0.00019107092841715,5.64469526139601e-09,0.998101989159192,0.00170693426769538
"480",0.00420948765714487,1.83882837673056e-09,0.994470917246267,0.00131959325775964
"481",0.995919171491815,6.80815955108447e-12,0.00408013657704126,6.91924335544811e-07
"482",0.000532620547479596,1.45463873166718e-07,0.996077044149209,0.00339018983943808
"483",1.72491153940048e-06,1.8443393436901e-09,0.999376890371426,0.00062138287269497
"484",2.02572576520351e-05,2.51500472340701e-08,0.997949284368269,0.00203043322403149
"485",8.20632096653318e-07,8.23475652552339e-10,0.999383365359203,0.000615813185225023
"486",1.1073510861629e-05,1.27199699322413e-08,0.996824341285561,0.00316457248360749
"487",1.20764551878552e-06,1.28727626828956e-09,0.999668631342511,0.000330159724693475
"488",5.68733083775431e-06,6.97431170838595e-09,0.999311273628591,0.000683032066259786
"489",1.78698753361564e-07,1.87572830041638e-10,0.999931967130628,6.7853983045809e-05
"490",2.64882025327395e-06,2.88364654866780e-09,0.999664971403984,0.000332376892115864
"491",3.93227911279934e-08,3.28292640032979e-11,0.999956276829124,4.36838152557674e-05
"492",1.12625173686256e-06,1.14540911823225e-09,0.999838343239965,0.000160529362889401
"493",1.70684079568648e-06,1.79185872507616e-09,0.999775383686951,0.000222907680394587
"494",3.07051830957407e-06,3.22956826082239e-09,0.999158323539314,0.000838602712808476
"495",1.84089678720758e-05,3.95000048655063e-08,0.998519885023069,0.00146166650905433
"496",1.59759740470647e-06,7.29117222995036e-10,0.999216612874708,0.000781788798770119
"497",0.00181496885041641,1.51994490555911e-07,0.992060007502052,0.00612487165304132
"498",2.90237152863542e-07,2.59471635294641e-10,0.999224007188914,0.000775702314461832
"499",1.99559137494176e-06,2.09211259860949e-09,0.998671411953953,0.00132659036255939
"500",1.24716657923531e-05,1.36142904446405e-08,0.997308400338778,0.00267911438113889
"501",3.90253071035561e-05,4.97114923897665e-08,0.995863310822049,0.00409761415935455
"502",1.43537452294425e-05,2.38610671622587e-08,0.998522851602219,0.00146277079148458
"503",2.75572948954669e-06,2.57006725365642e-09,0.997179598272807,0.00281764342763587
"504",2.6069803072588e-05,2.97743490487334e-08,0.994242325635428,0.00573157478715067
"505",2.01858913072262e-05,2.38848581192362e-08,0.996710776372403,0.00326901385143181
"506",0.000506937532607782,1.82190752263193e-06,0.993599997808522,0.00589124275134735
"507",1.00294920269831e-05,1.43194445003304e-08,0.998696372651051,0.00129358353747736
"508",1.88701367886847e-06,2.00192593932371e-09,0.997925614947133,0.00207249603726226
"509",4.3681742256723e-06,4.38713515786005e-09,0.997371652672747,0.00262397476589254
"510",2.78024816395784e-05,3.25456957757839e-08,0.996306400997101,0.00366576397556363
"511",2.96781287694651e-05,3.56342667343236e-08,0.996266408687222,0.00370387754974168
"512",1.80749745479227e-06,2.10215207711599e-09,0.991515892733882,0.00848229766651131
"513",1.30150494591892e-06,9.79650101582561e-10,0.996246573119867,0.00375212439553687
"514",6.47470173220912e-06,6.38830488267258e-09,0.996202428142127,0.00379109076783555
"515",1.98024698855424e-05,2.45204539056127e-08,0.996779952250098,0.00320022075956282
"516",2.37582211559067e-07,2.4376962108634e-10,0.974569935206126,0.0254298269678923
"517",1.1550100464162e-05,1.35477476207808e-08,0.894678904552669,0.105309531799119
"518",2.28226843488565e-08,1.9027094493531e-11,0.976702690575702,0.0232972865825866
"519",1.2349060178698e-05,4.46791959773632e-09,0.989600247338652,0.0103873991332497
"520",0.000388279696702055,1.50801208258481e-08,0.994538317377184,0.00507338784599288
"521",7.68435259174847e-06,1.05579983324489e-08,0.998246016445432,0.00174628864397784
"522",3.74303084702419e-08,2.90972805805368e-11,0.976281478553508,0.0237184839870861
"523",1.43066779247166e-05,2.08499029614157e-08,0.995937417777044,0.00404825469512882
"524",3.26827885793734e-07,3.08134314002329e-10,0.974742659451066,0.0252570134129139
"525",1.87646828916936e-05,2.53014040495381e-08,0.983593069539481,0.0163881404762233
"526",2.79391687212817e-06,3.07380632020767e-09,0.929644396506742,0.070352806502579
"527",3.04551494888852e-06,3.08511861761539e-09,0.888134818710296,0.111862132689637
"528",1.06453962751334e-07,9.78174722993697e-11,0.999961270132781,3.86233154389726e-05
"529",7.25363365673653e-05,9.83678025147802e-08,0.991881846829621,0.00804551846600893
"530",9.79540075709568e-05,1.3013066281725e-07,0.990572853534598,0.0093290623271679
"531",1.0177109564039e-07,2.04833571708356e-11,0.999982309801481,1.75884069396836e-05
"532",5.44007518151165e-05,1.0549786327276e-10,0.99988605494071,5.95442019774963e-05
"533",9.51068429746447e-06,6.42034697865276e-09,0.996967293138881,0.0030231897564748
"534",9.71105545063237e-06,2.03675731581722e-09,0.996377612664788,0.00361267424300383
"535",0.0019329662644664,8.57703618409911e-06,0.984576896896674,0.0134815598026754
"536",6.61938953563187e-05,1.88662562170615e-09,0.995376536692949,0.00455726752506932
"537",0.0371657621621392,8.33350336851911e-08,0.958155445728587,0.00467870877424037
"538",5.14846565131505e-07,3.35902469729014e-10,0.99041213893772,0.00958734587981283
"539",9.3583506659446e-06,1.00233466323928e-08,0.963217240475236,0.0367733911507515
"540",5.03741243174812e-05,7.37592904451133e-08,0.97527035557222,0.0246791965441721
"541",2.03703246133351e-05,3.07739929565776e-08,0.770856846533519,0.229122752367874
"542",1.32201118005966e-06,1.25982214705319e-09,0.991824111873777,0.0081745648552209
"543",1.79537611325585e-06,1.70247982558221e-09,0.994461940936177,0.00553626198522944
"544",4.57056740945518e-05,7.09879635419318e-08,0.99534150259546,0.0046127207424822
"545",4.07292847855479e-06,1.41859305812013e-09,0.995445305468466,0.00455062018446222
"546",3.69108193893282e-05,4.40236339540851e-08,0.994606148837335,0.00535689631964203
"547",0.000314314604429147,2.05185659857029e-08,0.994371775568882,0.00531388930812324
"548",3.03448641858802e-05,3.30814643321182e-08,0.992556155399897,0.00741346665445325
"549",0.00169781586865033,7.27478987525661e-11,0.998262911830595,3.92722280069391e-05
"550",0.00467929931540938,4.85872917268266e-09,0.994789868869657,0.000530826956204595
"551",0.000151495071787985,6.09079521463534e-08,0.997283417681929,0.00256502633833086
"552",0.00102377721668557,6.0143856235527e-08,0.995000837860437,0.00397532477902078
"553",1.67917682099149e-05,9.58270708258082e-09,0.99791890624613,0.00206429240295311
"554",0.000522820800933335,1.29510816488991e-08,0.99854834518751,0.000928821060474785
"555",6.35942073828436e-06,6.51794130087945e-09,0.998148238681344,0.00184539537997672
"556",1.09277668853043e-05,1.22241687309959e-08,0.998112075099755,0.00187698490919089
"557",0.0659499212851938,2.37300242317103e-10,0.933925275555731,0.000124802921774972
"558",0.059018541965144,2.84974352071429e-08,0.940320406006795,0.000661023530626305
"559",0.0605782911809019,4.20714898232928e-08,0.937873039680206,0.00154862706740239
"560",0.00832046742471251,5.1954736479223e-06,0.986839801860387,0.00483453524125277
"561",0.0528536423912858,7.39124489939476e-07,0.943648242560962,0.00349737592326234
"562",0.0931535906741084,5.18400143980948e-08,0.902339841478722,0.00450651600715475
"563",0.969927314955875,2.18072998922228e-11,0.0300692480042928,3.43701802506424e-06
"564",0.997867778874467,1.34274773740899e-09,0.00212860525412756,3.61452865794679e-06
"565",0.999399969879318,2.03969606222347e-12,0.000599971634495172,5.84841471965535e-08
"566",0.999810593494492,8.48988460990954e-10,0.000189253152660705,1.52503858681769e-07
"567",0.999522966103208,4.10484716630185e-10,0.000476930497737055,1.02988569755453e-07
"568",0.985681276888073,5.13486552551203e-07,0.0143054660487776,1.27435765965371e-05
"569",0.999925311642183,4.28279685841257e-11,7.46796710419627e-05,8.6439466524284e-09
"570",0.999989012623096,2.05706011000979e-11,1.09858032739598e-05,1.55305970587167e-09
"571",0.999993654910649,1.96262511796759e-11,6.34424409788111e-06,8.25627345716578e-10
"572",0.999653123231538,3.71685573244212e-09,0.000346775352386319,9.76992199085162e-08
"573",0.997450709503741,6.46488448094744e-09,0.00254895951567594,3.24515698973195e-07
"574",0.999822511466176,4.13985583274652e-11,0.000177441773931952,4.67184938580909e-08
"575",0.542619645510579,5.86275382580862e-06,0.456698008936734,0.000676482798861204
"576",0.0101641591413276,2.71761806484031e-10,0.989781925594097,5.39149928134073e-05
"577",0.935110801101979,9.99290188867579e-11,0.0648783994359947,1.07993620977312e-05
"578",0.999491723704835,1.95975348009768e-10,0.000507796747491497,4.79351698092313e-07
"579",0.998625446748275,3.55123404377819e-12,0.00137442244629756,1.3080187574803e-07
"580",0.999785969726624,2.55646041221149e-09,0.000213646358208542,3.81358707397204e-07
"581",0.999991136870392,1.28798240088092e-13,8.86295825201741e-06,1.71227114096767e-10
"582",0.999995444123605,2.00407270384607e-11,4.55538632001792e-06,4.70034348987993e-10
"583",0.999958692240212,1.19506296101281e-09,4.1281146549963e-05,2.54181751267119e-08
"584",0.999957098959297,5.70008546982186e-10,4.28708673919114e-05,2.96033024255646e-08
"585",0.999998557249938,2.21389423299504e-12,1.44269310290309e-06,5.47457219682997e-11
"586",0.999976618446233,1.09917749997092e-10,2.33720834640279e-05,9.36038525284758e-09
"587",0.999995956742014,3.97295309107253e-11,4.04288834543095e-06,3.29910731803421e-10
"588",0.999959416793105,1.10156930349478e-09,4.05572715916506e-05,2.48337345808971e-08
"589",0.000779219978822085,2.37810590119049e-08,0.998362363008512,0.000858393231606681
"590",0.000108749776379193,4.64635666110603e-08,0.997035541273844,0.00285566248621027
"591",6.59969386890585e-05,1.0075857231325e-07,0.994863682318636,0.00507021998410277
"592",6.98839587788219e-05,1.03896400190268e-07,0.994627783499512,0.00530222864530863
"593",0.00131583054233748,1.23139372666601e-09,0.997950226412144,0.000733941814124293
"594",0.0409845216224412,4.42642560229527e-08,0.956527260926161,0.00248817318714147
"595",0.996789004565252,9.08164620258054e-12,0.00321024490632716,7.5051933970242e-07
"596",0.0155100652083738,4.48117034123195e-05,0.979013045388165,0.00543207770004928
"597",0.00143487211644111,3.69505790088506e-09,0.997714027628828,0.00085109655967286
"598",3.78080287249475e-05,4.80275242424031e-08,0.997814549801526,0.00214759414222524
"599",5.16040188077029e-05,1.22857042262179e-07,0.998001307549067,0.00194696557508305
"600",3.03205885818518e-06,3.01352391014693e-09,0.998960586166662,0.00103637876095638
"601",3.75989795361485e-06,3.89980196250751e-09,0.999100003426171,0.00089623277607388
"602",0.0167971608669852,3.03582271121165e-09,0.982196937019414,0.00100589907777764
"603",0.993724665301194,4.41369378913431e-11,0.00627253649800166,2.79815666756373e-06
"604",0.0144572205844047,1.04334768040055e-07,0.983703626592785,0.00183904848804213
"605",0.000358300195529761,3.35475148683495e-07,0.997450901891635,0.00219046243768654
"606",0.0518035593086436,1.45330928155127e-08,0.945172557627435,0.00302386853082869
"607",8.23775931184853e-08,7.10165881250419e-11,0.99987872167421,0.000121195877180581
"608",9.79067825027047e-06,1.06080935063249e-08,0.99866816073276,0.00132203798089601
"609",6.27258085930437e-05,1.36250021161676e-07,0.995730852263136,0.00420628567825018
"610",7.70673494648353e-06,9.41701223990824e-09,0.997851861977779,0.00214042187026209
"611",2.18911725917549e-05,3.32686826156812e-08,0.996671642128796,0.00330643342992972
"612",1.43303329052365e-05,1.9407213243935e-08,0.998079656669969,0.00190599358991271
"613",1.73027026204028e-05,2.21085873540722e-08,0.997547639002098,0.00243503618669402
"614",4.03247123915869e-07,3.12467470568334e-10,0.997894281547537,0.00210531489287155
"615",6.56608336942672e-06,5.9923948844759e-09,0.997087842991209,0.00290558493302654
"616",4.97056382663968e-05,5.99557694198454e-08,0.99492144615783,0.00502878824813419
"617",5.10532400445585e-06,4.42845052402325e-09,0.99720337393374,0.00279151631380537
"618",4.62214944526237e-05,5.44479715907138e-08,0.995135258011552,0.00481846604602326
"619",2.97231188636229e-07,2.58573332090526e-10,0.999735126428613,0.000264576081625273
"620",3.50879448516824e-05,4.47541574503994e-08,0.980637876538087,0.019326990762904
"621",2.65233610990395e-05,5.34228030987819e-08,0.997195622846462,0.00277780036963634
"622",3.33849696000826e-05,4.28675899174137e-08,0.951575038999228,0.0483915331635817
"623",1.80324752774307e-05,2.33101661577164e-08,0.894042986350662,0.105938957863895
"624",5.23745760862811e-06,6.6306186077368e-09,0.753504106546199,0.246490649365574
"625",1.74188070479926e-06,1.17152618227389e-10,0.999923427629812,7.48303723305008e-05
"626",0.00346543556203781,8.51280998860299e-09,0.995246725705522,0.00128783021963071
"627",0.992998363742526,1.31323041722057e-10,0.00699583476978318,5.80135636757805e-06
"628",0.000109781012362214,3.90016091943295e-08,0.997830899929607,0.00205928005642199
"629",2.5216989393753e-05,2.44915468176096e-08,0.996271354577069,0.00370340394199054
"630",3.57707390493884e-05,4.28128460650227e-08,0.995558924440835,0.00440526200726922
"631",2.71968450541161e-05,2.95721235851512e-08,0.996618736106646,0.00335403747617675
"632",1.91620432605428e-05,2.92690875775481e-08,0.997904839420481,0.00207596926717094
"633",2.81290836358938e-05,3.96158062919501e-08,0.996893569004778,0.00307826229577994
"634",1.89992432215092e-08,1.06018462153655e-11,0.999958910768256,4.10702218986109e-05
"635",8.31059256599431e-07,7.98031985419842e-10,0.999615236687334,0.000383931455377778
"636",0.00224690434515035,1.05955018068447e-05,0.984324069897651,0.0134184302553916
"637",8.85900299341385e-07,7.73876611315518e-10,0.999390047904884,0.000609065420939725
"638",2.54638257055444e-05,3.04356873912752e-08,0.996292017331818,0.00368248840678948
"639",7.58292942846813e-05,1.19643849241016e-07,0.993903237004521,0.00602081405734459
"640",2.74594561429741e-05,3.99068699286926e-08,0.995917339531726,0.00405516110526138
"641",1.71673275638699e-05,2.0437676914389e-08,0.997033797835533,0.002949014399226
"642",5.59718194979078e-06,2.36847619788574e-09,0.997859355707245,0.00213504474232859
"643",7.67678322672245e-05,1.21175039836107e-07,0.994182496873108,0.00574061411958474
"644",1.7526204864801e-05,6.62069217961079e-10,0.997617276571492,0.00236519656157404
"645",7.12454370928494e-05,1.07045758540923e-07,0.97962812580728,0.0203005217098687
"646",0.000657993933842312,7.64684787312476e-09,0.996997717591119,0.00234428082819122
"647",0.00150910242059217,4.89593444048251e-06,0.989741532318451,0.00874446932651612
"648",0.0256187526738604,5.05794564626209e-09,0.97339406175111,0.000987180517083575
"649",0.00125050436409097,8.91407031413008e-07,0.996212571640279,0.00253603258859853
"650",0.935525912441152,5.74933818606316e-10,0.0644058357650777,6.82512188364221e-05
"651",2.6466061563942e-08,2.60370575564043e-11,0.999931907320979,6.80661869227382e-05
"652",4.4866153515024e-07,3.69658074330143e-10,0.99694089433388,0.0030586566349266
"653",3.04383989518533e-05,3.4951216450833e-08,0.976239172813452,0.0237303538363793
"654",1.40265228659648e-05,2.67904012235477e-08,0.676725681567873,0.32326026511886
"655",4.8113140326325e-05,8.95623661535913e-08,0.994353813720561,0.0055979835767462
"656",1.92459577485981e-06,7.41151694073208e-10,0.997326469409818,0.00267160525325522
"657",2.16113830191218e-05,2.40972488061516e-08,0.996022263237796,0.00395610128193568
"658",5.25144512597752e-05,9.16662305658146e-08,0.995595920347134,0.00435147353537573
"659",1.12568545002251e-05,1.61281672978723e-08,0.997200802106985,0.00278792491034775
"660",8.13054924923857e-06,8.01076428292459e-09,0.997556397957355,0.00243546348263174
"661",0.000231441806313501,9.6059908442135e-09,0.996305065477676,0.00346348311001945
"662",0.0502843628545475,3.58421626911366e-08,0.947751176380024,0.00196442492326546
"663",5.92181331057418e-05,3.91650221764424e-08,0.995373671132739,0.00456707156913348
"664",4.42501620735544e-05,6.17417140316014e-08,0.995440281113905,0.00451540698230756
"665",0.000863441003471853,3.14342798788646e-06,0.990293132295077,0.0088402832734638
"666",1.54778455350097e-08,1.38332040760867e-11,0.999954375381745,4.56091265760341e-05
"667",4.75298388537733e-07,4.50310361354407e-10,0.999835190351718,0.000164333899583363
"668",0.000140163583123666,2.26575500722644e-07,0.991959613057858,0.00789999678351724
"669",0.000563899995747382,2.76199581555568e-06,0.994157927539825,0.00527541046861222
"670",2.00994182438184e-07,1.81762208722126e-10,0.999669042737343,0.000330756086712108
"671",1.42697820901146e-05,1.49904918132774e-08,0.997054236885501,0.00293147834191664
"672",7.65151341968418e-05,1.03152912705339e-07,0.993746276862899,0.00617710484999101
"673",6.56459559003557e-05,1.05102606841217e-07,0.994678548399543,0.00525570054195014
"674",4.49229344362932e-07,1.06815498352337e-10,0.999564994634588,0.000434556029251955
"675",2.52744028586375e-05,2.7554079671919e-08,0.9967117594441,0.00326293859896199
"676",7.75613269965056e-05,1.06493304896182e-07,0.993633693338711,0.0062886388409872
"677",3.62775126056006e-05,1.26160548589626e-09,0.999153221937426,0.00081049928836297
"678",2.77028798411798e-05,3.74158420928538e-08,0.988703948004339,0.0112683116999779
"679",2.59292598513094e-05,3.01645956465064e-08,0.988183187069158,0.011790853506395
"680",0.00237279075852126,4.70967866757731e-09,0.996528992505323,0.0010982120264771
"681",0.830941153191786,3.63636329187041e-07,0.168578749379556,0.000479733792328149
"682",0.000956430594725045,3.52544686924289e-08,0.997482663521821,0.00156087062898482
"683",0.00148446292317597,5.19709655289105e-09,0.997122837172992,0.00139269470673512
"684",0.00825799263250775,2.76863227748404e-09,0.990502034370474,0.00123997022838603
"685",0.153552366438745,7.31695580477372e-09,0.845222272953597,0.00122535329070232
"686",2.41805041371958e-07,1.738653461479e-10,0.999783325989025,0.000216432032068145
"687",3.55531799074744e-05,4.14544102114717e-08,0.99654457083374,0.00341983453194233
"688",4.30102429604629e-05,7.98676961916622e-08,0.996464528132532,0.00349238175681162
"689",7.04091591426466e-05,1.1947537413386e-07,0.994501221752133,0.00542824961335051
"690",2.8814938458432e-06,3.88121475498441e-10,0.99959827247403,0.000398845644002879
"691",0.00216606781982107,1.51486228531557e-08,0.994523556723929,0.00331036030762741
"692",0.000149158414224777,1.83354001785955e-07,0.995093206876087,0.00475745135568594
"693",0.0465889279509721,1.32790340980814e-08,0.948282149434874,0.00512890933512014
"694",0.916219890901188,7.8628398997165e-10,0.0782235611670349,0.00555654714549297
"695",2.05030515667376e-06,1.7509457353816e-09,0.999140763399293,0.000857184544604563
"696",8.25838802361403e-05,1.41246297491266e-07,0.994248911196788,0.00566836367667797
"697",6.92003341029971e-06,7.28396786549884e-09,0.998682762634061,0.00131031004856041
"698",4.80354698588782e-06,9.99572299845603e-09,0.999561952003162,0.000433234454129578
"699",3.20250985377966e-06,3.43201353142715e-09,0.998949653419327,0.00104714063880626
"700",4.75206130487001e-05,6.29188424321517e-08,0.99602794991743,0.00392446655067839
"701",2.34430243563113e-06,1.51038579754736e-09,0.999487734605328,0.000509919581850328
"702",0.000782151066208803,3.09736316172516e-08,0.997311218374124,0.00190659958603573
"703",4.66781352618801e-07,4.38514144712851e-10,0.999738505265102,0.000261027515031217
"704",1.12406550058518e-05,1.74063149355002e-08,0.998876086018155,0.00111265592052385
"705",1.17870915922406e-07,9.56412842386359e-11,0.999828630647871,0.000171251385571679
"706",1.85704738096577e-05,2.13893328243424e-08,0.998325899408276,0.00165550872858123
"707",6.85532318687173e-07,2.86798993445456e-10,0.999834718840276,0.000164595340606359
"708",0.000559751647823738,2.15898611131026e-08,0.997863078396482,0.00157714836583301
"709",1.58890563018953e-06,1.28799747162891e-10,0.99978841715941,0.000209993806159718
"710",1.17052963703184e-05,1.27945149646786e-08,0.998826978431951,0.00116130347716346
"711",0.000165490271450799,1.81596391213062e-09,0.999328388269534,0.000506119643051633
"712",0.000409121287461936,1.25243755495447e-08,0.998381415288118,0.00120945090004498
"713",9.91795967728249e-09,8.91786581564717e-12,0.999857543756553,0.000142446316569601
"714",1.33311522273917e-06,1.38867549174054e-09,0.998983606806724,0.00101505868937743
"715",0.000103549583915154,2.3085404418463e-07,0.993722338313417,0.00617388124862368
"716",3.96106331296901e-07,3.03830175221562e-10,0.99871867985712,0.00128092373271827
"717",0.000202660381020443,2.96601863909901e-07,0.990198249612255,0.00959879340486105
"718",3.83599094278379e-08,2.74663276875283e-11,0.998195466909944,0.00180449470268061
"719",1.90091349359074e-06,1.68450081438777e-09,0.997608692016949,0.00238940538505623
"720",1.35144727000791e-05,1.28446059656056e-08,0.995257060405102,0.00472941227759212
"721",0.00015275005424663,2.3207524141228e-07,0.985151192159161,0.0146958257113505
"722",0.000143635862198807,2.45562520821314e-07,0.99055467623264,0.00930144234263988
"723",5.66402906491631e-07,4.99441782210858e-10,0.997296282365565,0.0027031507320867
"724",0.000146554735014601,2.75221296987023e-07,0.991123713247195,0.00872945679649366
"725",1.41988788423284e-06,1.40276583201549e-09,0.996288452194097,0.00371012651525336
"726",2.67478526430895e-05,6.13618104349101e-08,0.997961501890397,0.00201168889514929
"727",4.24459398435315e-07,4.03278488890896e-10,0.993338787979701,0.00666078715762166
"728",1.74363860996963e-05,1.80303299438534e-08,0.992643693352387,0.00733885223118309
"729",6.41348051780792e-05,1.13503028426132e-07,0.994431056713505,0.00550469497828841
"730",9.30141630747477e-05,1.24659465067704e-07,0.990723923979847,0.00918293719761363
"731",3.22448178313315e-07,2.61085783392497e-10,0.98810060536006,0.0118990719306764
"732",2.15535187393113e-06,1.15895643817192e-09,0.988432737525675,0.011565105963495
"733",2.40659129884572e-05,2.53129959444528e-08,0.988174788360839,0.0118011204131761
"734",8.66486466559874e-05,1.15177719063159e-07,0.984287485194846,0.0156257509807791
"735",9.83159187780807e-06,3.01883435152817e-09,0.973380528135721,0.0266096372535664
"736",2.09899050003393e-05,3.69445009144357e-08,0.549406210515772,0.450572762634727
"737",0.000253706778196279,9.56007178603496e-09,0.980759177852285,0.0189871058094473
"738",0.0269883083120439,9.34747461456699e-08,0.963477859465006,0.0095337387482043
"739",0.000100499609844734,1.15225163125788e-07,0.986779311612905,0.0131200735520874
"740",1.38471016272441e-07,1.38514134556433e-10,0.999393973348458,0.000605888042012104
"741",1.23926018999261e-05,2.77059481740414e-08,0.668085635717719,0.331901943974433
"742",2.06355775111438e-06,2.17535660206491e-09,0.559512428296754,0.440485505970138
"743",4.71300006073189e-08,4.33478248509785e-11,0.999320983373953,0.000678969452698192
"744",1.63607891531719e-06,3.00574745085575e-10,0.999637139551409,0.00036122406910122
"745",1.42417958996418e-06,1.39432716032931e-09,0.998885094156422,0.00111348026966078
"746",9.67837054120571e-06,1.03673818809452e-08,0.99682052092541,0.00316979033666661
"747",8.70364612550083e-05,1.42771151390988e-07,0.993477050827934,0.00643576993965985
"748",2.22569641247539e-05,2.49314529003017e-08,0.995757056083787,0.00422066202063591
"749",2.64342089937761e-05,3.44239397482559e-08,0.996062109077032,0.00391142229003474
"750",8.69393240699483e-06,1.09298092514812e-08,0.998244143796905,0.00174715134087883
"751",4.32820329407998e-06,5.27501369827896e-09,0.99927799140891,0.000717675112781804
"752",2.35674376026594e-06,3.06287040476221e-09,0.999637448613948,0.000360191579421097
"753",8.06742541137574e-06,8.3601708750325e-09,0.997836225190781,0.00215569902363685
"754",4.31236533977817e-05,6.59684236892413e-08,0.995051221022216,0.00490558935596237
"755",1.00534684931691e-05,1.59875076874728e-08,0.998785352399057,0.00120457814494263
"756",2.63513138202013e-05,3.60749862762496e-08,0.996630848824236,0.00334276378695716
"757",2.80569632327293e-05,2.79509591539395e-08,0.996143323831648,0.00382859125415965
"758",5.46258116217584e-05,7.85809008807457e-08,0.994874139085752,0.005071156521725
"759",0.000227194676822864,1.44453081605611e-08,0.997607330154291,0.00216546072357746
"760",1.21165713333925e-05,4.93835934631654e-09,0.998584540620809,0.0014033378694987
"761",7.01668649542803e-06,7.03462556294751e-09,0.998718241399291,0.00127473487958799
"762",5.58006154132288e-05,1.26428106239248e-09,0.999486967376579,0.000457230743726619
"763",1.49569614163901e-05,3.62521725123652e-08,0.998884455017903,0.00110055176850826
"764",0.00056023959564008,9.93575392376171e-10,0.999010678479531,0.00042908093125354
"765",0.000408269867880211,3.52431466246941e-09,0.999150391409606,0.000441335198199416
"766",0.0495949593032801,1.12251218086801e-07,0.946145600059284,0.00425932838621733
"767",1.08083044189071e-05,4.83682515221836e-10,0.99980497415295,0.000184217058948146
"768",7.97484568996183e-05,9.42538438495561e-08,0.995745940723339,0.00417421656591754
"769",1.8665577703165e-06,3.95231203039940e-09,0.999820163463722,0.000177966026195224
"770",0.00154110224842406,7.26439555395183e-06,0.98700419015188,0.0114474432041421
"771",1.7881393413968e-05,4.81196990687818e-11,0.999902595181035,7.95233774313882e-05
"772",0.00867147386024021,5.04728107253491e-10,0.991220333446706,0.000108192188325465
"773",0.00017957410180338,5.99453331078987e-08,0.998991413096384,0.000828952856479684
"774",7.65116474653195e-05,9.52853777750647e-08,0.995470745113998,0.00445264795315933
"775",5.23674978713856e-06,2.4642395149146e-09,0.99922436650519,0.000770394280783437
"776",4.08606781702881e-05,5.29715304637405e-08,0.99654796178648,0.00341112456381911
"777",5.83581139121767e-06,2.26795001340131e-09,0.999239647161345,0.000754514759314029
"778",0.000734334086067258,3.80087952783848e-08,0.996617804654664,0.00264782325047375
"779",5.55198661512207e-07,5.79891339051597e-10,0.99960775394852,0.000391690272927206
"780",1.28225949872689e-05,1.48410109961829e-08,0.998604795464592,0.00138236709941006
"781",2.77417402009918e-07,2.262598735236e-10,0.999618474956237,0.000381247400101095
"782",9.08305901489561e-06,1.0068998407364e-08,0.998907636131786,0.00108327074020111
"783",9.10035400632911e-06,1.00918155941291e-08,0.998906272732525,0.00108461682165327
"784",0.928734408294527,1.99275586710726e-10,0.0712442064086652,2.13850975323861e-05
"785",0.999941344149297,1.64417094301326e-12,5.86498503921814e-05,5.99866654800136e-09
"786",0.988701761167102,1.00722334223981e-11,0.0112976863325137,5.52490311939324e-07
"787",0.979050228051465,1.21560733660995e-07,0.020934700180959,1.49502068425506e-05
"788",0.96030950707469,7.59412385689936e-07,0.0396238160077889,6.59175051354793e-05
"789",0.957488983148629,7.42666870896766e-07,0.0424423634430298,6.79107414703259e-05
"790",0.999648023422029,1.27619254553919e-13,0.00035196881607997,7.76176322710393e-09
"791",0.999945758810397,1.11004043339525e-11,5.42340472864497e-05,7.13121592971306e-09
"792",0.999667592597107,1.05751496927844e-08,0.000332261894976549,1.34932766952245e-07
"793",0.999870807708375,5.32784278531447e-08,0.000129094982265198,4.4030931843337e-08
"794",0.972786001835208,0.00475214053776417,0.0223177348573726,0.000144122769655323
"795",0.99997920480516,1.76034566697079e-10,2.07873137601865e-05,7.70504534799145e-09
"796",0.999957769193931,6.68256622397327e-11,4.22186669675674e-05,1.20722756149992e-08
"797",0.999795541518495,1.03385039323638e-07,0.000204248031540254,1.07064925120481e-07
"798",0.999990561196413,3.0189967128491e-11,9.43702104695295e-06,1.75234965251084e-09
"799",0.988874735100031,0.00191245049349484,0.00918733428012395,2.54801263506952e-05
"800",0.999538961002008,8.372142398286e-09,0.000460820209825286,2.10416024281084e-07
"801",0.99247193575247,1.64400969561796e-05,0.00750534179985187,6.28235072180915e-06
"802",0.999488718591088,2.04469963622134e-07,0.000510533173586874,5.4376536169904e-07
"803",2.86813423683883e-06,1.46850264693913e-09,0.999801018616729,0.000196111780531079
"804",6.19697968053666e-07,1.3887224262806e-09,0.99994387875209,5.55001612193633e-05
"805",1.83050216040384e-07,1.52598051705322e-10,0.999869704304355,0.000130112492830547
"806",3.15382223271224e-06,3.27740600187523e-09,0.999271460224725,0.000725382675636719
"807",4.68191414622458e-05,7.92072798370006e-08,0.996287905526867,0.00366519612439073
"808",3.80543707011409e-06,3.84808010104325e-09,0.998915865758584,0.00108032495626572
"809",4.83503948202787e-05,6.28995221293708e-08,0.995981865384514,0.00396972132114317
"810",9.89793150318334e-07,1.11056254754922e-09,0.999649248709544,0.000349760386743393
"811",1.97670470897608e-05,2.38898517008308e-08,0.998096319159329,0.00188388990372997
"812",3.5806094473065e-07,1.95400246342441e-10,0.999856245838177,0.000143395905477761
"813",4.34495316999275e-05,5.38738282546783e-10,0.999680060537699,0.000276489391862537
"814",1.03792923258424e-05,1.19001021054913e-08,0.998991926707472,0.000997682100099911
"815",0.000988344808405508,5.66915423536913e-10,0.998583798950322,0.000427855674356677
"816",0.000105145975505246,3.01603148469158e-08,0.997660024580158,0.00223479928402218
"817",6.69126802853523e-07,6.88841669550494e-10,0.999811024682125,0.000188305502230425
"818",9.89074004629919e-06,1.22901324366072e-08,0.998935172448416,0.00105492452140551
"819",6.08130887602317e-07,6.17312838016973e-10,0.999816775265248,0.000182615986551841
"820",5.13326369411888e-06,6.52701985202476e-09,0.999400924032178,0.000593936177107698
"821",6.00346174198669e-07,5.88666547098284e-10,0.999785243168705,0.000214155896454607
"822",4.18579626444366e-06,4.64105033225737e-09,0.999454545328592,0.000541264234093675
"823",4.2090538421358e-06,4.81635756484937e-09,0.999464748403462,0.000531037726338498
"824",7.99311509894463e-07,3.3631976960472e-10,0.999806992058679,0.000192208293491565
"825",0.00140398270538748,1.07168120823697e-07,0.9936453521489,0.00495055797759202
"826",2.22882449736525e-07,1.69372351927484e-10,0.999816581281625,0.000183195666552827
"827",6.87824501583509e-06,1.36242941007208e-08,0.99937507951145,0.000618028619240129
"828",3.09169023955917e-07,2.86124270805862e-10,0.999816325702669,0.000183364842182834
"829",1.08504006322351e-07,9.81050289348016e-11,0.999847903920949,0.000151987476940113
"830",3.35401242863806e-06,3.36708491696699e-09,0.999229525160614,0.000767117459871995
"831",3.6201932672794e-05,5.36150588630066e-08,0.996854606659937,0.00310913779233124
"832",1.00933675527799e-05,4.82675106475145e-09,0.998853398098404,0.00113650370729175
"833",0.00067456955409026,3.09313822379661e-08,0.99698231608473,0.00234308342979798
"834",3.73080217377946e-06,4.00348377878653e-09,0.998835183461045,0.00116108173329703
"835",7.5608605306055e-06,8.00544470619406e-09,0.998612560151075,0.00137987098295002
"836",3.17992332776017e-06,4.41987273886838e-09,0.999590353960382,0.000406461696417511
"837",1.16429752010922e-06,1.18982099602327e-09,0.999642533041529,0.00035630147113002
"838",2.01219885937042e-06,3.86746820242408e-09,0.999801026489478,0.000196957444194029
"839",5.49588442342042e-07,1.26562741088016e-10,0.999502938921924,0.000496511363070475
"840",7.68244914101873e-06,7.73284356908264e-09,0.999026471738884,0.000965838079131589
"841",7.096228972664e-05,1.59550693356353e-09,0.999049837732055,0.000879198382711506
"842",3.133353843416e-05,4.01766291371462e-08,0.993634017735922,0.00633460854901419
"843",0.00265959886962021,3.11760127019461e-09,0.996391028824884,0.000949369187894516
"844",0.000284075125520171,1.2612447241158e-07,0.997649544122893,0.00206625462711474
"845",1.97847983220599e-07,1.97439890835944e-10,0.997063210601383,0.00293659135319395
"846",1.10305333534181e-05,7.42439601101315e-10,0.998129917184912,0.00185905153929465
"847",0.000104797986206238,3.25887993350839e-09,0.997295435943966,0.00259976281094795
"848",0.000113007739294871,1.44053511776866e-07,0.989280821417579,0.010606026789614
"849",0.0233851102384136,5.09926333534566e-08,0.973182263746569,0.00343257502238393
"850",0.000206365912836694,2.43260544380768e-07,0.998415462118998,0.00137792870762102
"851",4.93952670210289e-05,2.10100360278128e-09,0.99817396856547,0.00177663406650575
"852",0.000103363182472084,1.45236075492719e-07,0.993235440819624,0.00666105076182837
"853",0.00303110479336939,3.67426860739126e-09,0.99560014697994,0.0013687445524217
"854",0.988701917697472,1.56238114409765e-10,0.0112888433701917,9.23877609832666e-06
"855",0.000163402366711067,3.98328465079823e-08,0.997669438099585,0.00216711970085709
"856",7.12960016950696e-05,4.96758580680861e-08,0.996354997512635,0.00357365680981169
"857",3.29770045363469e-05,4.89752204421981e-08,0.997164778558249,0.00280219546199384
"858",6.2217105999828e-08,5.99197984199511e-11,0.993327176878615,0.00667276084435959
"859",8.97758098725365e-07,9.80470745479619e-10,0.872408295798439,0.127590805462991
"860",2.6123874090456e-07,4.32608170398821e-10,0.0397969191292421,0.960202819199409
"861",1.15333012726453e-08,1.5618139200502e-11,0.0018781302646824,0.998121858186398
"862",2.41251691623241e-07,2.60878510348236e-10,0.0409181640203315,0.959081594467098
"863",2.69751524596739e-07,3.26017712879193e-10,0.0361071338598091,0.963892596062649
"864",2.59981695533625e-07,2.53943208287577e-10,0.874750624151721,0.12524911561264
"865",2.34208928411552e-05,3.35750272997496e-08,0.968272676228012,0.0317038693041191
"866",0.00115907929884183,5.19426404876192e-06,0.979556262420654,0.0192794640164554
"867",2.7444503086048e-06,2.69090779006297e-09,0.987509968511032,0.0124872843477518
"868",3.15327590818841e-05,3.83931042677477e-08,0.990933722503869,0.00903470634394493
"869",1.4077139403396e-06,1.27673607468515e-09,0.994974913087779,0.00502367792154482
"870",1.33742298219019e-05,1.47915049285114e-08,0.995585157375517,0.00440145360315611
"871",1.55749155206638e-05,1.7854120017786e-08,0.995846258525534,0.0041381487048251
"872",5.68501037946761e-08,5.2563507148935e-11,0.872539512444833,0.127460430652499
"873",1.79479399900676e-05,2.35101454356865e-08,0.675844514017763,0.324137514532102
"874",7.02368547292889e-06,1.36449217843895e-08,0.969859285176677,0.030133677492928
"875",1.84098712856736e-06,2.69630427408748e-09,0.075788652690846,0.924209503625721
"876",1.95000719398271e-08,1.46446721300691e-11,0.886040957014521,0.113959023470762
"877",8.63579135931199e-06,8.97426816952183e-09,0.879433952636975,0.120557402597397
"878",4.41191883072155e-05,7.40595650925136e-08,0.709011523946138,0.29094428280599
"879",5.11290428730414e-05,8.70141781305771e-08,0.977888717049869,0.0220600668930799
"880",1.19239694919141e-05,1.58820704239265e-08,0.995449018805552,0.00453904134288539
"881",4.54486402606355e-08,4.27091076362904e-11,0.94925586468472,0.0507440898239303
"882",6.16523186741661e-06,5.23687032531458e-09,0.968023683701382,0.03197014582988
"883",8.12258444024013e-05,1.10626293867499e-07,0.979477803466172,0.0204408600631321
"884",5.82000982729688e-05,6.90525738395808e-08,0.973756389879207,0.0261853409699462
"885",1.10714734976809e-07,1.01653661892679e-10,0.969194554276829,0.0308053349067824
"886",0.000125181424961564,1.93861634241658e-07,0.981526392649013,0.0183482320643912
"887",3.53295224574282e-08,3.31994133775549e-11,0.985788250881318,0.0142117137559602
"888",1.04079210105869e-06,9.33544201949224e-10,0.988551064271386,0.0114478940029691
"889",9.33815781969441e-05,1.50799948589141e-07,0.983855350750407,0.0160511168714472
"890",3.72639871573704e-06,3.77798633556602e-09,0.990320619924487,0.00967564989881033
"891",0.00150744106903997,6.44001992019528e-06,0.984000153909777,0.0144859650012629
"892",3.51592619615821e-06,3.29581387493426e-09,0.993001321999957,0.00699515877803296
"893",6.01265150569674e-05,7.81991573996856e-08,0.992356404210555,0.00758339107523055
"894",1.70393549494034e-05,1.91628471649199e-08,0.993976954764879,0.0060059867173246
"895",3.41113352907706e-05,4.22790169152172e-08,0.994642345522257,0.00532350086343533
"896",7.55039946354358e-08,6.67272980559534e-11,0.99424738119528,0.00575254323399855
"897",1.64982037057897e-06,9.29965993430078e-10,0.994845969304848,0.00515237994481522
"898",7.58536715424865e-05,1.27281279311524e-07,0.993750350785805,0.00617366826137267
"899",1.76030524196879e-05,1.89711024856637e-09,0.994783284302327,0.00519911074814341
"900",0.000461376420393699,4.06356031765766e-08,0.993197537601057,0.00634104534294651
"901",6.42180974345459e-05,1.05297881577009e-07,0.994411228767747,0.00552444783693659
"902",1.22360290366891e-06,4.75988096075621e-10,0.996841550282403,0.00315722563870563
"903",0.00157789621488272,1.35184833887023e-07,0.991660980620545,0.0067609879797385
"904",8.01983556020169e-07,7.10411927476461e-10,0.997873556633871,0.00212564067216065
"905",1.32861634619685e-05,2.65650107732007e-08,0.998819306910807,0.00116738036072051
"906",9.51755983119518e-07,9.37147816465761e-10,0.998594679776097,0.00140436753077224
"907",1.44283068347843e-05,2.79808201007529e-08,0.998717030893918,0.00126851281842713
"908",1.84934831188927e-07,1.78225788555621e-10,0.999326058323598,0.00067375656334534
"909",2.33784721764275e-06,2.38615641855399e-09,0.998881782837612,0.00111587692901428
"910",3.77243532602281e-05,5.78157775468203e-08,0.996712939630133,0.00324927820082928
"911",4.10740561108323e-06,3.80030708663467e-09,0.998245042865541,0.00175084592854114
"912",1.86981699074191e-05,2.88918043319955e-08,0.998101024139995,0.00188024879829361
"913",2.51835767131924e-05,2.86022883098536e-08,0.996958440656979,0.0030163471640193
"914",2.92262212259378e-07,2.74930305069236e-10,0.999249105561738,0.000750601901119761
"915",1.08035481576618e-05,1.19490953484826e-08,0.997275416150629,0.0027137683521177
"916",1.33038028381442e-05,2.10328826160635e-08,0.998551814945862,0.00143486021841777
"917",2.99516025882496e-05,3.93810912516309e-08,0.992781227585728,0.00718878143059289
"918",1.17772417461844e-06,1.19057583967172e-09,0.998895510706387,0.00110331037886255
"919",7.51660975316261e-07,4.79013507780203e-10,0.99840317256528,0.00159607529473078
"920",1.22023593645232e-05,1.28151230808914e-08,0.997740337855236,0.00224744697027673
"921",3.45641398474099e-05,4.56089576643902e-08,0.99301107305293,0.00695431719826543
"922",6.93760504747039e-08,6.86523824915112e-11,0.99581521175805,0.0041847187972473
"923",5.1431149667245e-07,5.20043057327625e-10,0.993862330972247,0.00613715419621368
"924",1.02573563226226e-05,9.20623997062394e-09,0.993784904267231,0.00620482917020674
"925",8.95814391861928e-05,1.13008200145362e-07,0.991127691606229,0.00878261394638439
"926",0.001154676568482,4.48219010882374e-06,0.986281882634565,0.0125589586068443
"927",0.00118485839011991,5.81595174789684e-06,0.988560336706213,0.0102489889519194
"928",7.90286999013092e-05,2.22571451487737e-08,0.994332672273827,0.0055882767691269
"929",6.27016244543539e-06,1.11092618872195e-08,0.999305897155289,0.0006878215730036
"930",0.00049565689591465,3.22609023050243e-08,0.994015653562731,0.00548865728045195
"931",0.0368369648369696,1.5612439772458e-06,0.960012602099265,0.00314887181978827
"932",5.22441024749983e-06,8.15982825098376e-09,0.999462600347305,0.000532167082619104
"933",1.72793195357775e-07,1.75446616845765e-10,0.987909334174989,0.0120904928563695
"934",3.97381116405631e-07,3.71832787920607e-10,0.983277052916093,0.0167225493309581
"935",0.000131192646397582,2.12964962862942e-07,0.987161466199728,0.0127071281889119
"936",3.39244614704066e-07,3.11251059572624e-10,0.976225518914449,0.023774141529685
"937",0.000117720464547069,1.8236801562834e-07,0.96619122974598,0.0336908674214569
"938",1.96162382413047e-07,1.7449652411842e-10,0.969579790476614,0.0304200131865072
"939",5.2564139736511e-05,6.91604739516358e-08,0.885175108639513,0.114772258060277
"940",1.59474800506255e-07,1.43863504518893e-10,0.970683037270872,0.029316803110464
"941",2.60960063392758e-06,2.7118286790586e-09,0.957877412783754,0.0421199749037836
"942",2.42955174674347e-05,3.84317001871727e-08,0.625757632223374,0.374218033827458
"943",5.36033565285779e-06,5.46146136523981e-09,0.977774809693524,0.022219824509362
"944",5.09330378243287e-05,6.5390985649753e-08,0.985238110046513,0.0147108915246774
"945",3.54653383602191e-06,4.51052352703105e-09,0.996658170226143,0.00333827872949726
"946",8.37787788170749e-07,7.03514295464724e-10,0.99791003231432,0.0020891291943773
"947",1.46310580719721e-06,1.47308405204671e-09,0.998711728940271,0.00128680648083796
"948",1.12462236211004e-06,1.20530836893391e-09,0.999523721829778,0.000475152342551561
"949",4.00621316091303e-07,3.8115453451805e-10,0.999738700551877,0.000260898445652757
"950",7.03947416597709e-07,6.87666830212091e-10,0.999748683487019,0.00025061187789779
"951",2.38639497655593e-06,2.62569382929879e-09,0.999647693406923,0.000349917572406087
"952",3.88130041806104e-06,4.16903736169094e-09,0.982939573173616,0.0170565413569289
"953",7.16162581060418e-06,1.46714532098568e-08,0.999191020275043,0.000801803427693308
"954",1.60830042538567e-06,1.70857246117619e-09,0.994135423098774,0.00586296689222766
"955",0.00113558743756356,5.53012971026413e-06,0.989400243397188,0.00945863903553842
"956",3.29190656943377e-07,2.51119600003076e-10,0.996184990185683,0.00381468037254008
"957",5.01892095783505e-05,6.33569237879542e-08,0.99439842592202,0.00555132151147827
"958",7.56756280877451e-07,7.78355135652637e-10,0.998423914975107,0.00157532749025664
"959",2.55014022326784e-05,4.10500267023129e-08,0.997611255878589,0.00236320166915122
"960",2.41568294203066e-07,2.1270792997435e-10,0.999158418369524,0.000841339849473566
"961",3.71191147091607e-05,4.75097956879652e-08,0.996718239572326,0.00324459380316915
"962",5.26911607842969e-07,5.18712205957348e-10,0.999441332502145,0.000558140067534821
"963",2.23483884618094e-05,3.36297645093034e-08,0.99790500027991,0.00207261770186396
"964",4.75152034548822e-07,4.41670623172211e-10,0.999613390397427,0.000386134008867958
"965",4.02021391591531e-07,1.39600685406911e-10,0.999654383122836,0.000345214716171489
"966",1.50546835117883e-05,1.65827880027802e-08,0.998522028878226,0.00146289985547393
"967",0.00011598603768508,1.25070190129508e-09,0.999587970184408,0.000296042527204931
"968",0.0128616438342624,6.92019127610711e-09,0.986441618253704,0.000696730991842315
"969",1.66051178660041e-06,9.44100846638307e-10,0.99979826262928,0.000200075914833068
"970",5.98284132415112e-06,7.13635860338847e-09,0.999299555854049,0.000694454168268224
"971",3.40359350180981e-07,3.06712036360367e-10,0.999824668643183,0.000174990690754871
"972",3.78705766438847e-06,4.11773728228092e-09,0.999502193730755,0.000494015093843242
"973",3.93448774912644e-06,4.33239089943746e-09,0.999491114277001,0.000504946902858717
"974",2.68271373022868e-07,2.55366380319356e-10,0.986727228092731,0.0132725033805293
"975",3.94098837720899e-06,4.01200798533069e-09,0.979032373576699,0.0209636814229161
"976",4.47129390221426e-05,6.56225779857955e-08,0.832573969100926,0.167381252337474
"977",8.7676136443799e-06,1.16562690422136e-08,0.995023713561982,0.00496750716810457
"978",4.12287100764154e-07,3.50260448118082e-10,0.99783338899826,0.0021661983643792
"979",2.49766089235091e-05,2.98101393837243e-08,0.996775968168411,0.00319902541252609
"980",5.40907248454719e-07,4.52054525888646e-10,0.998314076093979,0.00168538254671751
"981",9.63565888850334e-06,1.11785199480779e-08,0.998135772479816,0.00185458068277552
"982",9.48568773955055e-06,1.16812792784084e-08,0.998614808157196,0.00137569447378552
"983",1.7179086231914e-05,1.93650154993741e-08,0.997465510007059,0.00251729154169378
"984",0.000468030748592005,1.77956224198638e-06,0.99459294373206,0.00493724595710577
"985",0.000284569639366072,8.90860469064705e-07,0.995469572731867,0.00424496676829823
"986",1.64976128742455e-06,1.74585953741595e-09,0.989049386423139,0.0109489620697144
"987",1.04216089097976e-07,9.4635288069398e-11,0.990632070008456,0.00936782568081908
"988",7.61815688961466e-07,6.49781425173678e-10,0.987816039957164,0.0121831975773654
"989",6.38371752914793e-05,8.08130769575618e-08,0.988667111085842,0.0112689709257897
"990",4.65881663434773e-06,4.31036793540201e-09,0.971854808300209,0.0281405285727886
"991",7.25211563753993e-06,1.24273092773541e-08,0.689305467141792,0.310687268315261
"992",2.32275909474282e-05,2.55665381607539e-08,0.977858344458873,0.0221184023836411
"993",1.1880006605939e-05,1.961606837143e-08,0.997825467788403,0.00216263258892279
"994",0.000494381282698103,2.46445338759372e-06,0.993097066189738,0.00640608807417589
"995",1.52760634536505e-06,1.50394707069236e-09,0.994072431652025,0.00592603923768212
"996",6.91085924660327e-05,9.75840576865088e-08,0.992960934568742,0.00696985925473444
"997",9.64665353161282e-07,8.77085399713372e-10,0.997129851835776,0.00286918262178496
"998",4.41699016430086e-05,5.56478382189901e-08,0.995279990799131,0.00467578365138744
"999",2.89986844086596e-06,2.90309623678406e-09,0.997619445698043,0.00237765153042026
"1000",1.95927094964267e-05,3.15716660628433e-08,0.998026588111887,0.00195378760694998
"1001",5.93741662105097e-06,6.84238171590821e-09,0.998435130615789,0.00155892512520792
"1002",1.57058128180576e-05,2.11885633338672e-08,0.998199621193963,0.00178465180465514
"1003",3.49036888191484e-06,4.22527128805323e-09,0.99942307400892,0.000573431396927065
"1004",2.5341746082052e-08,2.55634141152172e-11,0.999971836451236,2.81381814549709e-05
"1005",1.22297966954652e-07,1.24294134334084e-10,0.999675316984083,0.000324560593656254
"1006",1.60316622289884e-06,1.83533264897049e-09,0.992314135045827,0.00768425995261769
"1007",2.77589420907562e-08,2.37193263370585e-11,0.999650130649767,0.000349841567571769
"1008",1.0485026543887e-06,1.08090752260635e-09,0.99915843647131,0.00084051394512837
"1009",7.91683780480039e-07,8.01857965620937e-10,0.999300641469719,0.000698566044642685
"1010",2.97140180166113e-09,2.43884871633433e-12,0.999992798169726,7.19885643295396e-06
"1011",1.6001352211451e-06,1.6457250539565e-09,0.999812320437171,0.000186077781882589
"1012",3.82200453978853e-08,3.76674907731563e-11,0.99999007015186,9.89159042740573e-06
"1013",7.52322181296062e-09,6.65179731840393e-12,0.999987771062442,1.22214076848008e-05
"1014",1.40090788075165e-06,1.44631263452996e-09,0.999371158387305,0.000627439258501357
"1015",4.21461836059398e-08,4.09533895176469e-11,0.999987475411834,1.24824010286773e-05
"1016",1.37380953523699e-06,1.58233538327408e-09,0.999823577300274,0.0001750473078549
"1017",7.79263084201044e-08,7.64543599828308e-11,0.999979078141419,2.08438558181909e-05
"1018",2.15761535533847e-07,2.1480961339385e-10,0.999951377905997,4.84061176579652e-05
"1019",5.161741653815e-07,5.22926446933431e-10,0.999915271022401,8.4212280507192e-05
"1020",8.00882584643579e-06,2.24028151663733e-08,0.999839657386508,0.000152311384830764
"1021",1.11309229796243e-06,1.18262485232762e-09,0.999852468041484,0.000146417683592757
"1022",1.84005592011536e-07,7.15330437406588e-11,0.997929057605912,0.00207075831696304
"1023",8.88082002364421e-05,1.06793751828839e-07,0.993072211209377,0.00683887379663459
"1024",1.33634162088363e-06,5.9017629653648e-11,0.998570668888132,0.0014279947112298
"1025",0.00110388465509706,3.73382126876665e-09,0.996516481216593,0.00237963039448871
"1026",0.00200095874771251,4.83754510917273e-06,0.989705934884918,0.00828826882226063
"1027",0.00562382588801755,9.6442544201292e-09,0.991645997235498,0.00273016723223002
"1028",0.386696164969884,3.83092687769941e-08,0.610780604141081,0.0025231925797658
"1029",0.401606365330637,1.06918942080676e-07,0.597732761813375,0.000660765937046044
"1030",1.11275428050394e-06,1.15642867814643e-09,0.999457998494737,0.000540887594553992
"1031",2.87554154800829e-05,6.36216388815019e-08,0.997847908020193,0.00212327294268777
"1032",2.89724229575608e-08,2.44739105393341e-11,0.999842726080323,0.000157244922779973
"1033",2.27024331599604e-07,2.2535209641452e-10,0.999750392443383,0.000249380306933255
"1034",1.3561548018927e-06,1.46995565836546e-09,0.99952363566983,0.000475006705411891
"1035",5.48092356986929e-07,5.23507553595106e-10,0.998251614224943,0.00174783715919286
"1036",2.17188318020814e-05,2.41888634562786e-08,0.995788799673968,0.00418945730536629
"1037",4.37391222562763e-07,3.14076521819737e-10,0.998336921692711,0.00166264060198938
"1038",3.4279548770756e-05,4.5686799827317e-08,0.992896665531355,0.00706900923307421
"1039",9.84168303699399e-06,2.62197713526706e-09,0.99828614260679,0.00170401308819548
"1040",2.23118741684993e-05,3.08695525285044e-08,0.997643945787906,0.00233371146837293
"1041",0.000525936123131491,2.84885219160401e-08,0.996668908090093,0.00280512729825339
"1042",2.88433996525295e-07,2.68174904003941e-10,0.999326723086257,0.000672988211571086
"1043",2.39483010591868e-06,2.26771669389586e-09,0.998273393059001,0.00172420984317666
"1044",6.04743464673031e-05,8.16624849878966e-08,0.991310920525718,0.0086285234653296
"1045",1.26499099353148e-05,1.51586992235813e-08,0.996163794606881,0.00382354032448489
"1046",7.01419519861833e-06,7.99397922551892e-09,0.997503494408896,0.00248948340192576
"1047",2.22107699593172e-06,2.43071802413119e-09,0.998214960038906,0.00178281645338033
"1048",7.86964731904559e-07,7.82147710996653e-10,0.997980292714166,0.00201891953895469
"1049",7.30249631410283e-07,7.13288794323241e-10,0.998174343473428,0.0018249255636517
"1050",2.27193038691874e-06,2.40305478089562e-09,0.998975203516945,0.00102252214961328
"1051",3.74425999510917e-06,3.8271228272353e-09,0.998873281405808,0.00112297050707404
"1052",5.16842399713635e-05,8.07023677716206e-08,0.995831061599226,0.00411717345843452
"1053",6.97104950297299e-06,8.18239144394069e-09,0.998389288064581,0.00160373270352446
"1054",2.8158576888624e-05,3.83390187302467e-08,0.997152546507736,0.00281925657635669
"1055",2.23219860343492e-06,2.58788809873423e-09,0.998779472859641,0.00121829235386776
"1056",1.12512935415326e-05,1.37353545862233e-08,0.998516864959204,0.00147187001189968
"1057",2.547567144909e-07,2.11036764759574e-10,0.998363706074824,0.00163603895742435
"1058",3.14016560125225e-06,3.22959076297141e-09,0.997704204120632,0.00229265248417606
"1059",4.89413573682407e-06,5.27827969715699e-09,0.997243014043043,0.00275208654294063
"1060",1.16036620894815e-06,1.1650185618354e-09,0.998292201210306,0.00170663725846673
"1061",7.91089220544662e-06,7.83752634621843e-09,0.997078728396158,0.00291335287411029
"1062",6.43934167207547e-05,9.6847951536504e-08,0.994579984834249,0.00535552490107895
"1063",5.36170625153694e-05,6.90381444735759e-08,0.994761078764989,0.00518523513435138
"1064",5.31499267452557e-06,8.94960403077836e-09,0.999366924444508,0.000627751613213373
"1065",6.05976935703495e-06,6.85159298573201e-09,0.993124035026457,0.0068698983525929
"1066",1.44174971679205e-05,1.8193685418149e-08,0.994021768670017,0.00596379563912938
"1067",1.62645686143288e-06,1.58931659793373e-09,0.997858890070793,0.00213948188302904
"1068",1.09833444512217e-05,1.27088179820753e-08,0.998008408432452,0.00198059551427935
"1069",9.2385542908814e-06,1.00978043350646e-08,0.997862729865743,0.00212802148216232
"1070",0.000194727541219904,6.06526858834146e-07,0.996530002781098,0.00327466315082302
"1071",4.03812756354966e-06,5.34580004668919e-09,0.970262986369481,0.0297329701571559
"1072",2.85982702003927e-06,4.29347450443391e-09,0.719098786988353,0.280898348891152
"1073",3.2924743403453e-07,2.96527444301665e-10,0.981020697899116,0.0189789725569225
"1074",4.71728873708233e-06,5.01056011827754e-09,0.978517606869257,0.0214776708314454
"1075",6.99708112914039e-06,8.92588390843308e-09,0.972053928681309,0.0279390653116782
"1076",5.06979464934906e-07,5.48831572448343e-10,0.997481751228746,0.00251774124295696
"1077",0.000311840196102311,1.1237871259112e-06,0.995776772604536,0.00391026341223592
"1078",5.30497197854057e-08,4.46902032239129e-11,0.998997570180533,0.00100237672505654
"1079",6.46445785564273e-06,7.30911611929346e-09,0.998905532199607,0.00108799603342091
"1080",2.05437315076222e-07,2.04084011405055e-10,0.999443497147907,0.000556297210693565
"1081",1.02435476081501e-07,9.80330566777693e-11,0.99990412932574,9.57681407512734e-05
"1082",1.00908755301715e-06,1.03349168054771e-09,0.999826876294628,0.000172113584327817
"1083",6.76184558082672e-07,6.72335550079707e-10,0.9998532939655,0.000146029177606437
"1084",5.59336920742142e-07,5.40971126218422e-10,0.999208194684289,0.000791245437818818
"1085",5.99172895503536e-07,7.64492816899825e-10,0.998878441906031,0.00112095815658034
"1086",1.86240860455727e-06,1.88176701450554e-09,0.998636002003912,0.00136213370571694
"1087",4.39135600812265e-07,4.21530763165377e-10,0.99978296932007,0.00021659112279867
"1088",3.87952957124293e-06,4.75030585682360e-09,0.998953897191922,0.00104221852820057
"1089",1.18675974750511e-05,1.3442942582755e-08,0.997818273419979,0.00216984553960356
"1090",3.16569136064912e-06,5.59452944296049e-09,0.999658199995034,0.00033862871907573
"1091",1.39833939382136e-05,1.64521452818175e-08,0.99745180381101,0.00253419634290605
"1092",1.46544707765324e-05,1.80550282723622e-08,0.997879901492173,0.00210542598202181
"1093",0.000477187914579485,1.80002630153941e-06,0.994445847804089,0.00507516425502953
"1094",1.57541596025608e-06,1.75641692125117e-09,0.999392152079431,0.000606270748191589
"1095",3.06224076814082e-05,4.37297807678733e-08,0.997248575409334,0.00272075845320348
"1096",3.08886451838117e-07,2.83104079185997e-10,0.999580725831976,0.000418964998468516
"1097",2.82851884584415e-05,3.70318419363616e-08,0.997443470477006,0.00252820730269333
"1098",2.90875436582783e-07,2.76217476977833e-10,0.999562512716216,0.000437196132130011
"1099",2.28712593716399e-05,3.05948218282921e-08,0.997824595400377,0.00215250274542935
"1100",4.29182651021191e-07,3.56774749197258e-10,0.999304191873397,0.000695378587177155
"1101",1.26687621491109e-05,1.3881886616216e-08,0.997238500485288,0.00274881687067606
"1102",4.8355762252779e-06,5.34261864022101e-09,0.99886687969234,0.00112827938881557
"1103",0.000142394179525247,4.27187342919664e-07,0.997665044564129,0.00219213406900323
"1104",7.86599310057452e-06,8.59958806438312e-09,0.998697176939539,0.0012949484677727
"1105",3.54962348906835e-06,3.85710533322788e-09,0.99942416061245,0.000572285906955471
"1106",8.90628459754519e-07,8.45853551594808e-10,0.999570634145587,0.000428474380099588
"1107",1.30545550639212e-05,1.60096072240976e-08,0.997858381600933,0.00212854783439559
"1108",1.44757515392883e-05,2.10830374029201e-08,0.998372249341483,0.00161325382394022
"1109",2.17900499730764e-05,6.0112690947794e-09,0.998137262399056,0.00184094153970227
"1110",0.000309065504544346,1.19778309492566e-08,0.997820559658369,0.00187036285925528
"1111",1.27182730906226e-06,1.27784106888132e-09,0.999613945201435,0.000384781693415067
"1112",5.10719352268328e-05,8.60604472919402e-08,0.996064256817554,0.00388458518677176
"1113",1.42453347797334e-07,1.45615122080059e-10,0.999867081956515,0.000132775444522523
"1114",8.56711758302792e-07,7.60510659307782e-10,0.998917203293956,0.00108193923377543
"1115",1.61665600431111e-05,1.77372132112895e-08,0.997835335997327,0.00214847970541711
"1116",1.38365863921292e-05,2.16991399060412e-08,0.998534728769204,0.00145141294526379
"1117",2.29978520007323e-06,2.36142133416456e-09,0.996541627352017,0.00345607050136145
"1118",2.28884678174771e-05,2.7409809876378e-08,0.996344650468257,0.00363243365411603
"1119",3.29563837830944e-06,3.29335199036176e-09,0.988050813025235,0.0119458880430344
"1120",6.49658383704972e-06,6.50338787186623e-09,0.985742138305238,0.0142513586075369
"1121",3.78338169672587e-08,3.60713800355124e-11,0.999909159411623,9.08027184885829e-05
"1122",1.36989282286156e-06,1.0530708318834e-09,0.999388318781543,0.000610310272563328
"1123",3.66264082924023e-05,4.43671635468662e-08,0.996945021688376,0.00301830753616795
"1124",3.60307361688436e-05,1.28877957281201e-08,0.997983618768998,0.00198033760703713
"1125",0.000553148077214192,2.69751620807563e-08,0.996764688913628,0.00268213603399563
"1126",3.63102505138333e-08,3.52778022317557e-11,0.999824603392301,0.000175360262170602
"1127",4.17483248008411e-06,4.84391170038433e-09,0.999153663323589,0.000842157000019704
"1128",1.06372092653378e-06,9.43623118058262e-10,0.999251365743424,0.000747569592025884
"1129",1.54932045917943e-05,1.76244563330481e-08,0.998209176445615,0.00177531272533692
"1130",0.000352475043832689,1.35506035187148e-06,0.996018231872018,0.00362793802379757
"1131",2.75638510685554e-06,2.8727783323529e-09,0.999036453083282,0.000960787658833067
"1132",4.65191069624348e-06,4.64003483321431e-09,0.998920359232696,0.00107498421657282
"1133",2.42846313244839e-08,2.17774081871194e-11,0.999650918533706,0.000349057159885112
"1134",4.31779494554495e-05,5.64219238748247e-08,0.987308755820193,0.0126480098084281
"1135",9.15035014922099e-09,8.12751837014072e-12,0.999518666337477,0.000481324504045594
"1136",1.55694245815151e-06,1.48461937021016e-09,0.983277796424131,0.0167206451487918
"1137",3.61275809251975e-05,4.72895383544716e-08,0.990541622346858,0.00942220278267812
"1138",1.46287230274858e-05,1.91827647654051e-08,0.734338197584321,0.265647154509887
"1139",4.22182810409618e-09,4.02957586487072e-12,0.999969232235711,3.07635384317857e-05
"1140",1.61608441973699e-07,1.58581095968646e-10,0.999932418344425,6.7419888552178e-05
"1141",1.01876700211852e-06,1.02537602248899e-09,0.999446597484975,0.000552382722647301
"1142",2.30595328110281e-05,2.8039780649907e-08,0.995320918127618,0.00465599429979008
"1143",3.81547545763691e-07,3.53022554650702e-10,0.999454070726543,0.000545547372888726
"1144",1.39221778903339e-05,1.61538885585417e-08,0.998440759639706,0.00154530202851475
"1145",1.33810279266687e-06,1.29428691604076e-09,0.999187431462672,0.000811229140248005
"1146",9.22594225373324e-06,1.22270797272753e-08,0.998921010381502,0.00106975144916472
"1147",1.18099623626471e-05,1.44124418108187e-08,0.996111265334095,0.00387691029110033
"1148",1.11983903132921e-06,1.26844781467712e-09,0.999688258559715,0.000310620332805942
"1149",8.89184345678511e-06,1.33438143617183e-08,0.995726507047586,0.00426458776514253
"1150",2.4042803167516e-08,1.34001390180992e-11,0.999794493075482,0.000205482868315025
"1151",2.01573863746887e-07,1.55907429129049e-10,0.999711767965295,0.000288030304933657
"1152",9.23814158046063e-06,1.00008384384063e-08,0.998963923715601,0.00102682814198047
"1153",1.2351988655539e-05,1.39787651829404e-08,0.998699240363658,0.00128839366892124
"1154",1.66785336419566e-06,1.67732239170072e-09,0.999597853862679,0.000400476606634174
"1155",7.63150063238526e-06,1.1040754600713e-08,0.996113790424925,0.00387856703368765
"1156",0.000449423629445801,1.8732570920055e-06,0.995681762604676,0.0038669405087861
"1157",1.46503707060122e-08,1.25903620733373e-11,0.999971873536791,2.81118002484294e-05
"1158",4.37740407241562e-06,4.45706708172395e-09,0.999059793169632,0.000935824969228149
"1159",2.76601853108467e-05,3.78324953774487e-08,0.993548519657298,0.00642378232489592
"1160",1.96506071723586e-05,2.94538484217064e-08,0.998075882540361,0.00190443739861875
"1161",5.06195692548707e-08,4.96431529708837e-11,0.99997358980482,2.63595259677644e-05
"1162",1.17770415500102e-07,1.13139421581974e-10,0.999924139114889,7.57430015559753e-05
"1163",2.53209040467206e-05,3.59941606984226e-08,0.997734910658821,0.00223973244297146
"1164",9.55834216327685e-08,8.42586417568841e-11,0.999849147087368,0.00015075724495206
"1165",2.64454734964959e-05,3.41344020003905e-08,0.994624227318383,0.00534929307371814
"1166",3.96054295449139e-07,3.87568640574503e-10,0.999758187087082,0.000241416471054168
"1167",4.6552199562103e-07,4.51715523280941e-10,0.999570356905992,0.000429177120297028
"1168",1.82766421587292e-05,2.40609160285932e-08,0.98640739959108,0.0135742997058454
"1169",4.64433547095332e-07,4.78489033100784e-10,0.999781523637815,0.000218011450148736
"1170",1.15124374503602e-05,1.52627080066652e-08,0.998795601628306,0.00119287067153583
"1171",1.0658331030575e-07,1.01861521831704e-10,0.99983839398045,0.00016149933437831
"1172",1.09754269885392e-05,1.31709325383237e-08,0.996731405195124,0.00325760620695453
"1173",2.24484734158276e-08,2.07150026765216e-11,0.999855464108501,0.000144513422310869
"1174",3.3037231451495e-07,3.02446573587681e-10,0.999414313281803,0.000585356043435545
"1175",7.54844493969561e-06,8.7675084564409e-09,0.991824524026336,0.00816791876121565
"1176",7.10237503244102e-06,7.9158649137974e-09,0.998988968191991,0.00100392151711205
"1177",5.35421978294222e-07,5.4795115735483e-10,0.999688190937609,0.000311273092461359
"1178",2.32227440711626e-07,1.9750719040998e-10,0.999335112752298,0.0006646548227543
"1179",4.97224009275941e-06,5.79215093662408e-09,0.997509130523255,0.00248589144450159
"1180",2.86184352805004e-06,2.94752228281250e-09,0.998585319815115,0.0014118153938348
"1181",6.43852964182613e-07,6.88815931801007e-10,0.999863592464339,0.000135762993880452
"1182",1.95271064216808e-05,2.50198842610924e-08,0.99816401579105,0.00181643208264371
"1183",4.62369649892587e-08,4.30618288418863e-11,0.999958164833503,4.17888864702618e-05
"1184",3.19445291140605e-06,3.35489250452078e-09,0.999333170027202,0.000663632164994598
"1185",3.55101974214922e-06,4.99914894164699e-09,0.997263473997078,0.00273296998403129
"1186",1.00716086974214e-05,1.19927830680404e-08,0.998775086689965,0.00121482970855438
"1187",4.71270339414951e-08,4.20711390130616e-11,0.999965151843545,3.48009873499827e-05
"1188",1.35056786694389e-05,1.56377637655085e-08,0.998725893334233,0.0012605853493341
"1189",1.58163478885924e-07,1.55426533051024e-10,0.999955728926173,4.41127549211962e-05
"1190",1.04124583288183e-05,1.36793658349154e-08,0.998920732092104,0.00106884177020169
"1191",6.91836233667348e-08,6.76998381053366e-11,0.999961994640963,3.79361077139554e-05
"1192",3.94393901147774e-07,3.58670635754568e-10,0.999836161753178,0.000163443494250444
"1193",7.70022175417047e-06,9.14013231282412e-09,0.999137406126202,0.00085488451191176
"1194",6.44496243728369e-06,7.022470378075e-09,0.999257640985484,0.000735907029608034
"1195",9.149349858246e-08,7.86154567843212e-11,0.999842493146651,0.000157415281234896
"1196",3.13124551545966e-06,3.24200710204837e-09,0.999022905154175,0.000973960358302253
"1197",3.68424322367416e-07,3.60456246960421e-10,0.999851466986792,0.000148164228429604
"1198",4.57065453987214e-06,5.16448293278736e-09,0.999441148772587,0.000554275408390616
"1199",1.33703461620631e-06,1.45746191255779e-09,0.999740516254918,0.000258145253004072
"1200",1.47717546092511e-06,1.54741622736726e-09,0.999740372386867,0.000258148890255429
