"","(1,R1)","(2,R1)","(3,R1)","(4,R1)","(5,R1)","(6,R1)"
"1",0.00269728738645615,0.000954701246582184,0.00230426000030169,0.483947924125842,0.13378348050534,0.376312346735478
"2",0.000984081547657742,0.000324231642434505,0.00101243600047819,0.47401316576711,0.0938219703626414,0.429844114679679
"3",0.00664704528857546,0.00210254347047966,0.00369959023539827,0.592178945950707,0.120219442845358,0.275152432209481
"4",0.000491381545966948,0.000174840303498656,0.000208965114346087,0.766462002329316,0.0948003903275682,0.137862420379304
"5",0.000258116023386286,0.000104353087474983,0.000136430868887961,0.794657312544072,0.0884401877054092,0.116403599770769
"6",0.000666378213163617,0.000152178674897369,0.000361161503187481,0.902961152309772,0.04333116854884,0.0525279607501394
"7",5.98880476083476e-05,2.3351194753431e-05,8.45109801290883e-05,0.367462055032966,0.0669513138941816,0.565418880850362
"8",0.000368378204621498,0.000221038738021487,0.000270537960573446,0.518484292912039,0.212744355681347,0.267911396503398
"9",0.000905497101422517,0.000499564812429772,0.00078613248869519,0.626687130907224,0.18481795844903,0.186303716241199
"10",0.00134550176790129,0.000325872852267748,0.000661260233815777,0.873684233334171,0.0657342488168872,0.0582488829949566
"11",9.67045620533315e-08,1.78715189850344e-07,9.43087974051465e-07,0.134491277451836,0.0429376538247616,0.822569850215676
"12",1.28754698705731e-08,6.88408956557963e-08,3.52463439496137e-07,0.109068003800642,0.0795445790267474,0.811386982992805
"13",3.60387311227616e-08,1.48678945970496e-07,4.02931198112178e-07,0.114050194325915,0.164944253374181,0.721004964651029
"14",1.08893297547005e-06,1.40379660438039e-06,4.81564200324594e-06,0.154906895598179,0.190773336662235,0.654312459368003
"15",5.65606968696566e-05,8.68605982569945e-05,9.27139034396425e-05,0.17242621419301,0.378278286515988,0.449059364092435
"16",8.81600000009208e-06,0.000204369563468671,1.36616081207263e-05,0.022632131355023,0.916687168627544,0.060453852845844
"17",2.58857006884593e-05,6.29493360738014e-05,2.32040514198258e-05,0.316945156407785,0.587447769560574,0.0954950349434587
"18",6.49576776383065e-05,3.44292467518964e-05,7.5418164006344e-05,0.335655257173223,0.164333931461062,0.499836006277319
"19",0.000264699195063119,0.000149081481739622,0.000380369462698465,0.396176996433853,0.137679866747954,0.465348986678692
"20",0.00226244229673245,0.00112930399178357,0.00284217950042498,0.397650360975546,0.117965224854099,0.478150488381414
"21",0.00094898971817528,0.000353034208798925,0.00050168538729328,0.527572038952222,0.109097644688498,0.361526607045013
"22",0.000831480862076766,0.000611469970257339,0.000661931552782636,0.434286016745918,0.308273656016905,0.25533544485206
"23",0.0014051280101868,0.000466544596318002,0.000778561774042932,0.768636587490815,0.132098214209423,0.0966149639192148
"24",0.00238016210281265,0.00614132192953771,0.00334408682325365,0.276571384311336,0.517454283592624,0.194108761240436
"25",0.00183902279524099,0.0106033206492123,0.00233117197412096,0.108533758778328,0.724967529940515,0.151725195862582
"26",0.00282237737183973,0.021182818918708,0.00322335604685248,0.0611545530366336,0.825454492828183,0.0861624017977834
"27",0.000849504568452427,0.0217913799378331,0.00138115035358394,0.0145956415864646,0.912292125425177,0.0490901981284885
"28",2.54286544196804e-07,1.43088174172298e-06,2.03843162110597e-06,0.105804120712715,0.293328715011188,0.60086344067619
"29",2.55770644755049e-06,2.20876107942543e-05,8.91009951638252e-06,0.0667508398318462,0.610594722825528,0.322620881925868
"30",8.64580136289343e-07,8.85872469158903e-05,2.45981851093024e-06,0.00521682249151357,0.97447530990886,0.0202159559540634
"31",3.18011047753425e-07,5.01767092737279e-06,1.3087088668219e-06,0.0566367789411864,0.723743651798168,0.219612924869804
"32",2.48471477553214e-05,0.000189383972357951,3.23344032868366e-05,0.0511633884348429,0.83380667590493,0.114783370136827
"33",1.02973989843296e-08,3.38238207582137e-06,7.00540062739571e-08,0.00751915333346964,0.979873886971844,0.0126034969612055
"34",5.7975821971327e-07,8.07333816553872e-06,2.69167493558467e-06,0.0664081758637969,0.750339001400717,0.183241477964165
"35",2.532211103729e-05,9.07053836630114e-05,2.30922204532915e-05,0.225840571800483,0.689267337156635,0.0847529713277278
"36",2.40264796218265e-06,2.39353983870954e-05,6.53609408015803e-06,0.079186382142518,0.788551289817927,0.132229453899126
"37",9.43808046508996e-06,1.11045126213078e-06,3.30890292497455e-06,0.950024945205319,0.035505369090074,0.0144558282699549
"38",4.56789634180839e-07,2.92423654328535e-05,1.77090322464893e-06,0.0155450314157551,0.934500891497461,0.0499226070284918
"39",8.71465091355259e-09,2.94414339564352e-06,7.65950275716832e-08,0.00438820486677721,0.974960471976652,0.0206482937034963
"40",8.36906718778143e-08,2.8973252178274e-05,3.68435941294501e-07,0.00182839484409971,0.990886165204995,0.00725601457211442
"41",5.92423865828789e-09,2.08636460574349e-06,6.75528976269049e-08,0.00533159605839121,0.976538080031885,0.018128164067982
"42",9.91135051157417e-08,2.85659478085966e-05,4.29513166357011e-07,0.00239800510591198,0.988809733635671,0.00876316668393648
"43",6.47377594922848e-07,2.12590649606168e-05,1.73672169037326e-06,0.049625673737339,0.927560035031817,0.0227906480665976
"44",2.10187004256101e-06,4.96512556416727e-06,4.56507916093557e-06,0.17405589652921,0.359676842304492,0.466255629091529
"45",2.62947968877348e-05,2.81481568451172e-05,2.52546525095441e-05,0.325724272962156,0.397331394153329,0.276864635278272
"46",4.06969500622859e-05,4.20325002841546e-05,4.68074337950436e-05,0.484771933799216,0.322722861889352,0.192375667427291
"47",8.606625769273e-06,3.62692592131353e-05,1.87862384141488e-05,0.175695160359464,0.411093659800224,0.413147517716916
"48",1.23762183704366e-05,1.44417899510809e-05,1.2801350042372e-05,0.344439625426058,0.401443416237632,0.254077338977946
"49",1.11510844407974e-05,8.94739049561198e-05,1.43335728076813e-05,0.14939416813101,0.714798004475238,0.135692868831547
"50",2.02077980925977e-05,1.2949510685577e-05,1.84540712926002e-05,0.65434904968566,0.217095608741775,0.128503730192495
"51",1.06493141791126e-05,2.29800926040067e-06,5.59809165863331e-06,0.924014221921474,0.0434615643311196,0.0325056683323082
"52",6.72124556591408e-05,0.000503429263547267,0.000322975611378511,0.146018560674089,0.443121518141971,0.409966303853355
"53",0.00476021092438221,0.0127777391370285,0.0104313606292439,0.156522739319925,0.41774861628804,0.39775933370138
"54",0.0151228948104564,0.0449523043061164,0.0128647713749868,0.108323047487452,0.542870994684585,0.275865987336403
"55",0.0267879786872355,0.0208829435553794,0.0190451474267561,0.252587104930988,0.290511410712749,0.390185414686893
"56",1.30172450741616e-06,3.92935764357983e-05,3.76019256959816e-06,0.0457580910689232,0.843790195935827,0.110407357501737
"57",1.56213080648899e-06,8.74561406788661e-06,2.07412451096189e-06,0.189381567575502,0.774327404369283,0.0362786461858298
"58",4.38873770047901e-08,4.12356575060627e-06,2.92447882281394e-07,0.0251273149822038,0.905926976655788,0.0689412484609987
"59",7.37767491243563e-07,2.46628679435398e-05,1.93688930575299e-06,0.0305194585772822,0.921153195893425,0.0483000080045527
"60",1.53463341654905e-06,1.62526985306026e-05,2.509000036897e-06,0.112065836938669,0.851042166344586,0.0368717003847618
"61",7.54778833427611e-08,5.60913084239896e-06,3.43504960364367e-07,0.019833938299774,0.939540626039482,0.0406194075470583
"62",1.07675260844963e-06,2.08783371080032e-05,2.60080315181537e-06,0.0638222825362689,0.89768786579638,0.0384652957744828
"63",1.66510644792209e-08,6.82954400841099e-06,1.06270114653833e-07,0.00370471494074149,0.985522779924321,0.0107655526697494
"64",9.75326701976401e-09,4.08233452225419e-06,6.68195518400205e-08,0.00489891865635445,0.987562183345875,0.0075347390904291
"65",4.59071401972852e-08,2.00440446135814e-06,1.59202662987161e-07,0.0486169211684531,0.942636249384024,0.00874461993325787
"66",2.50134816218769e-06,5.70452385746869e-06,3.15122002618953e-05,0.0960891728883762,0.117117001032654,0.786754108006688
"67",0.0143100616352181,0.0107244464338535,0.0152409313348838,0.132456092899221,0.270004111260086,0.557264356436737
"68",3.34303413568983e-07,9.76912418025361e-07,4.10905799309186e-06,0.0955262203423114,0.131956264360986,0.772512095022878
"69",2.3464056371166e-05,1.23078765819608e-06,6.62277964802599e-06,0.967089311884355,0.0172768335013698,0.0156025369905975
"70",3.01697404312695e-09,2.58265457352471e-08,8.69729374196228e-08,0.089316293994473,0.147849789749307,0.762833800439763
"71",2.80312423620099e-07,6.53701323057413e-07,2.53439884034306e-06,0.107285612208186,0.148007315127409,0.744703604251818
"72",0.000159921073089246,5.77281074061494e-05,8.261163009941e-05,0.744855553402451,0.137099013123021,0.117745172663933
"73",9.1180745161912e-07,3.09948864509777e-06,1.0078993058502e-05,0.10798296988554,0.151110674065103,0.740892265760202
"74",2.90554408284005e-07,9.44993255117676e-07,1.94853530968255e-06,0.129134150889465,0.240233422530467,0.630629242497095
"75",5.00567257705236e-05,2.73339681040031e-05,8.52362863943077e-05,0.299032972285522,0.244509994144056,0.456294406590153
"76",6.03415166771533e-05,1.4691086626472e-05,2.8164067096008e-05,0.863528518122403,0.0761892816466384,0.0601790035605583
"77",1.60463844947265e-06,1.54682010808448e-05,2.17641810188757e-05,0.106603936078689,0.395225224457809,0.498132002442953
"78",0.0362985166963415,0.0147924106036068,0.019618282952095,0.58318944851621,0.236698604905806,0.109402736325941
"79",3.60390753137771e-07,3.84638127206235e-06,2.23882205766838e-06,0.088641082009576,0.470358317604147,0.440994154792194
"80",1.23301748377699e-06,9.16365037640727e-06,8.86519814691732e-06,0.0869328158151751,0.513059115284921,0.399988807033897
"81",6.69673434505699e-05,0.000220780915046234,6.5576239040039e-05,0.127899610843088,0.685859607663953,0.185887456995422
"82",2.52814340416072e-05,0.000254023148975216,3.00931096406038e-05,0.0401253770159999,0.861404657930469,0.0981605673608736
"83",3.003273738578e-06,5.73098522674504e-05,6.19160418635668e-06,0.0295152513647341,0.855449411872587,0.114968832032486
"84",2.60391671124519e-07,4.58122247451822e-05,9.2041101687118e-07,0.00307027453955806,0.983263851120101,0.0136188813129083
"85",3.59620974960275e-07,1.38114901159195e-05,1.11604742314097e-06,0.0248018458883527,0.908809968229169,0.0663728987239641
"86",4.16950563512177e-06,3.60884502582779e-05,5.83190293848187e-06,0.11591294097038,0.83303012722402,0.0510108419467678
"87",9.45443286398125e-07,4.5750829736358e-05,2.9428129533904e-06,0.0145020335450645,0.942611318909591,0.0428370084593687
"88",0.00285244902736233,0.00135615094137035,0.00419536270007785,0.119215756191887,0.134692106543412,0.737688174595891
"89",0.00276826694493932,0.000642719962722481,0.00122896745034715,0.529757468099798,0.118952121741825,0.346650455800368
"90",0.0214009775044465,0.00764392318461309,0.0127342501501874,0.653023930082604,0.157016237738024,0.148180681340125
"91",0.000325417703533173,8.50908661362987e-05,0.000143356723464632,0.716148474600005,0.0941997973252816,0.18909786278158
"92",6.3084369378336e-05,1.87229613883037e-05,3.62829194104379e-05,0.835267479192826,0.0689017458629673,0.0957126846940299
"93",0.0279868335643071,0.0231377336209592,0.0583423557757058,0.0347648176926961,0.127738313485129,0.728029945861203
"94",9.34881651302437e-05,0.00117445402392909,0.000122778526656164,0.0580462385226428,0.847510685584546,0.0930523551770956
"95",0.254408340807484,0.144053870980537,0.488738675625333,0.00308325925773512,0.00824400749625023,0.101471845832661
"96",0.51320529137681,0.151728610391299,0.319670862812008,0.000391043848289394,0.000661711954319333,0.0143424796172743
"97",0.5935066539524,0.13989102379054,0.264561293685499,8.73614267702333e-05,8.45088534403026e-05,0.00186915829135012
"98",2.29989118042298e-08,2.922272413987e-07,9.23340540093369e-07,0.0812213311793153,0.236387685020415,0.682389745233577
"99",0.000159276192015154,0.000134242230669811,9.61371976609532e-05,0.538777968537582,0.302676546927496,0.158155828914576
"100",7.53281042920605e-10,2.49771659957753e-08,5.2506488814929e-08,0.0685238784478484,0.306931592317257,0.624544450997959
"101",1.21810818787514e-07,1.78732884018481e-06,1.29165542813697e-06,0.0565971592011228,0.492135256573194,0.451264383430596
"102",2.84923330779038e-06,1.520502598158e-05,7.13197802750051e-06,0.0962694016745562,0.640192548281962,0.263512863806165
"103",4.96841803178276e-05,2.52608864686951e-05,2.71875127370435e-05,0.774301802797432,0.162835566965084,0.0627604976579609
"104",9.59060116637554e-07,1.54819391249494e-05,3.7984057480567e-06,0.0636178403041136,0.766393899925263,0.169968020365634
"105",2.6080950842467e-05,0.000100839098816317,2.48344462964849e-05,0.195286054038934,0.711564044344499,0.0929981471206116
"106",1.95966011816474e-07,1.72940511001328e-05,1.14832606873224e-06,0.00846328944851012,0.933581354627725,0.0579367175805846
"107",2.53315691298716e-05,0.000710108707310947,4.71596280724107e-05,0.0107082594025689,0.953243972594705,0.0352651680982125
"108",6.92691189750607e-08,9.84578574989591e-06,4.64352237214316e-07,0.00445067926835661,0.959405526745726,0.036133414578811
"109",8.53101159291637e-07,5.88275830862478e-05,2.38317890066395e-06,0.0066837965507974,0.96888082592573,0.0243733136603266
"110",6.01256194863533e-07,6.27179653625802e-05,1.54281237027914e-06,0.00481210993144248,0.979523647962382,0.0155993800722474
"111",6.13945537508624e-07,6.57993929941528e-06,2.97500325411045e-06,0.0508999270090439,0.643375216177063,0.305714687925803
"112",1.99589535163907e-05,0.000248408854755294,2.41329244640743e-05,0.0316847170776358,0.893225823509492,0.0747969586801367
"113",6.79691411378841e-07,7.25925037470595e-06,3.96810502739444e-06,0.0588632259657428,0.694348084761884,0.24677678222556
"114",4.08917690361223e-05,1.62332652337306e-05,2.05756396933733e-05,0.828269443805078,0.12394572363848,0.0477071318824779
"115",3.67835632187673e-07,1.05362439533896e-05,1.78757273848239e-06,0.0304828378778798,0.827112488722295,0.142391981747501
"116",7.71613486133441e-06,0.000157953067893972,1.12220954671241e-05,0.0207683946011877,0.927035416309042,0.0520192977915475
"117",5.80112828933644e-08,2.58446616977322e-06,2.80004762222413e-07,0.0278761906775356,0.879035832879183,0.0930850539610668
"118",6.46187128139867e-06,9.07749140219195e-05,1.10007749096876e-05,0.0485952584880397,0.880325282772598,0.0709712211791494
"119",1.51173032324228e-07,6.75799984158484e-06,1.09828841991597e-06,0.030802663058522,0.884079205471997,0.0851101240081873
"120",1.09181400405332e-06,1.56035911863928e-05,2.05929512735828e-06,0.0700648528197537,0.861618199293718,0.0682981931862108
"121",1.85904333592212e-07,3.58968032888892e-05,7.23066291013435e-07,0.00442861773871345,0.980266693105832,0.0152678833815406
"122",5.52112567412862e-06,3.36307138458325e-05,7.76394434215696e-06,0.267937006219129,0.668393822446948,0.0636222555500603
"123",1.97686287997845e-09,2.54430450803715e-08,1.29986512186814e-07,0.0721861754242254,0.321021684304862,0.606791982864492
"124",5.02691558809564e-06,1.13213414062207e-06,3.81501315567702e-06,0.569008699327533,0.184968366985829,0.246012959623754
"125",5.01539130904949e-06,1.24443811392006e-05,6.44396588373772e-06,0.519030544924446,0.294418188538582,0.18652736279864
"126",2.64211153479953e-05,5.44742213844828e-05,2.75657930905646e-05,0.469557756880561,0.380599647586549,0.149734134403068
"127",2.30920409842461e-05,4.7259719081578e-05,2.89840354444577e-05,0.486214411517111,0.352022217894707,0.161664034792672
"128",8.62075425648677e-07,7.08549587179261e-08,4.63386927484081e-07,0.875022382524902,0.0369844862789856,0.0879917348788003
"129",2.30470729194819e-05,7.81363061419563e-06,1.59228930267909e-05,0.898951250870187,0.0406016631401455,0.060400302393107
"130",1.31087896785799e-07,3.03476937080398e-08,2.84237712929784e-07,0.905986023515134,0.0231270653796204,0.0708864654319423
"131",2.24197088206051e-06,5.29129826517138e-07,3.51781801839089e-06,0.928704578681813,0.0192697155070226,0.0520194168924377
"132",2.07009202347052e-06,2.43978395963112e-07,1.32518190128369e-06,0.966723197655849,0.00913706079829891,0.0241361022935313
"133",3.01874617030617e-06,4.84538345439258e-07,2.45641339018737e-06,0.967954952722223,0.00893474271918598,0.0231043448606853
"134",3.09409946752015e-06,3.83696077118588e-07,2.12105210057043e-06,0.97193753493036,0.00783467116448721,0.020222195057508
"135",1.10322797724537e-06,2.24411567085112e-07,1.04475134406804e-06,0.903106878318452,0.0142039730647041,0.0826867762259554
"136",7.05290171717123e-06,2.84542912411445e-07,6.04076033845471e-06,0.744445409174254,0.0060573651081229,0.249483847512656
"137",3.17919377236525e-07,1.30689111955773e-07,7.48840074810962e-07,0.894299966559612,0.0150194509206302,0.0906793850711939
"138",9.16020494100417e-06,5.19462642364386e-06,1.23527496922688e-05,0.716184656257489,0.0377824785526671,0.246006157608787
"139",6.35917757433169e-06,2.22620705372011e-06,6.41935683119344e-06,0.890846908094365,0.0335583390277858,0.0755797481363902
"140",1.4695557092349e-06,2.96279721832476e-08,4.29237012094171e-07,0.990497121668434,0.00283841363946882,0.00666253627140375
"141",6.64956078862623e-05,8.92193249755152e-05,7.02179912259048e-05,0.660699801271104,0.176678343605398,0.162395922199411
"142",8.53711308595566e-10,4.39028764385905e-08,7.61022336184064e-08,0.0622566775301222,0.346672663783896,0.591070537827161
"143",1.1569727595223e-06,1.14728720419507e-06,3.94069539640436e-06,0.13566190728687,0.37388186916987,0.4904499785879
"144",9.34926570634287e-07,2.18974050355061e-05,3.16270880354377e-06,0.0352898318332953,0.796714923254236,0.167969249872059
"145",1.04752754437747e-05,0.000166909264557344,1.46388264943005e-05,0.0252345330299336,0.909655316493925,0.0649181271096458
"146",1.40908813915138e-07,5.82807542001625e-06,6.71620189289609e-07,0.0248352795454644,0.873016109744384,0.102141970105728
"147",5.16276201852104e-06,0.000112714551872225,9.01420937905677e-06,0.020287561198344,0.924606066642525,0.0549794806358612
"148",2.22551432185293e-07,7.51349427107143e-06,9.12993805312503e-07,0.0351707079658303,0.884619934164327,0.0802007088303342
"149",8.77971652590266e-06,5.84808803201187e-05,1.02774198506168e-05,0.147426308333803,0.792753924178498,0.0597422294710029
"150",3.08710243649013e-07,1.03881007943919e-05,8.5599441380296e-07,0.0450142325385712,0.895113149798257,0.0598610648577195
"151",3.6005272620614e-06,3.83198158215409e-05,5.8395624937758e-06,0.109571091251962,0.837691636363359,0.0526895124791013
"152",1.73889545197242e-06,4.87556878397863e-05,3.53523576400069e-06,0.045427651694718,0.905736881596304,0.0487814368899219
"153",2.91804944605613e-06,4.11528173640121e-07,2.45112369319719e-06,0.699065758458914,0.0998976712625536,0.201030789577219
"154",5.14618436403823e-06,2.31960767705698e-06,5.23532634576387e-06,0.776534568565228,0.0889613954201572,0.134491334896228
"155",2.05002625629878e-05,3.46919266057334e-05,2.00627966748293e-05,0.568660641865516,0.291243578472652,0.140020524675989
"156",4.97987727411048e-06,1.45108048084241e-06,4.69195090258526e-06,0.869284420878886,0.0446996160086391,0.0860048402038171
"157",1.90480509611736e-06,2.8982687051364e-08,4.07577008376779e-07,0.992250045569277,0.00264648756200903,0.00510112550392207
"158",1.11896449593059e-06,3.02840359775608e-07,1.24905871789045e-06,0.88471214222328,0.0244908384198411,0.0907943484933056
"159",4.52220550076833e-06,4.57001880905434e-07,3.17351745063422e-06,0.955869169925099,0.011932974212685,0.0321897031373837
"160",1.61936841445557e-06,1.60402074041539e-06,3.47014177604138e-06,0.755950784977128,0.0388573308179526,0.205185190673988
"161",2.39188259942155e-06,3.22007574834552e-06,3.83161545259158e-06,0.661922288121424,0.214021078610542,0.124047189694234
"162",5.63379128457663e-07,3.27837392045985e-08,3.48320141602617e-07,0.877816456090813,0.0160255583918587,0.106157041034319
"163",5.43979737893195e-06,2.13316287861907e-06,8.01786026605148e-06,0.781214304462751,0.0239565097381225,0.194813594978603
"164",3.18028180082968e-06,1.57384364758794e-06,6.45921831508395e-06,0.242708800818179,0.0288082366058082,0.728471749232249
"165",2.1755287800146e-05,1.17663261123973e-05,2.20836364653197e-05,0.590309895165278,0.0570644423413201,0.352570057243025
"166",4.33499345505629e-07,2.84220776551104e-08,8.32894893578359e-07,0.912768076369951,0.00901233414811835,0.0782182946656141
"167",8.45290166527749e-07,2.92177239156004e-09,7.9806541568346e-08,0.997473995196495,0.000809995885907246,0.00171508089911695
"168",1.57312941144473e-07,4.93361323184239e-09,2.26280627317549e-07,0.942303498125007,0.00236913667809955,0.0553269766697117
"169",6.19182732964457e-07,3.97287645076851e-08,9.55423698098118e-07,0.934701304363345,0.00266861809945471,0.0626284632020048
"170",1.23940734631609e-07,9.95974626505597e-09,3.86780443135964e-07,0.908245774509574,0.00221332153661464,0.0895403832728875
"171",6.22902128110792e-06,6.45239836546967e-07,4.93476745090824e-06,0.948829214050352,0.00916945397356812,0.0419895229475117
"172",2.05868797514796e-07,4.44895551909664e-08,1.44418346273675e-06,0.765967672116683,0.00531876005008364,0.228711873291418
"173",2.61223612285897e-07,1.87842188465533e-07,2.73186675428789e-06,0.429363139793516,0.0127347016681949,0.557898977605734
"174",2.5794449444427e-07,2.63697785483881e-08,1.78531387077301e-06,0.205857746753682,0.00143022476725177,0.792709958850922
"175",5.87136492442945e-07,2.64182129102123e-08,3.20996194065747e-06,0.0148600577635289,0.000293613711775222,0.98484250500805
"176",3.0422586409154e-07,7.88334279449682e-09,1.70223261718728e-06,0.15887335603622,0.00057303986755843,0.840551589754398
"177",5.28899056660247e-06,1.18575674135429e-07,9.11565701093585e-06,0.243542213000804,0.00358704920301845,0.752856214572926
"178",6.94843193530885e-07,3.07721022363063e-08,3.35252109601999e-06,0.0382481956702128,0.00038540807653644,0.961362318116859
"179",6.95567967783992e-07,4.35533328077598e-08,1.029174427478e-06,0.940268713259347,0.00271862422295577,0.0570108942219688
"180",9.42772556691009e-08,5.47320275102823e-09,1.83961127271188e-07,0.917138066529634,0.00199909532672873,0.0808625544320513
"181",7.05057681708503e-07,3.56163872530414e-07,1.75260619034762e-06,0.78978239903787,0.0262499614427335,0.183964825691652
"182",2.66680870708458e-06,7.45700790968196e-07,5.93288317333125e-06,0.782053465848922,0.0196379477227135,0.198299241035693
"183",7.18213623534022e-08,5.2882946865494e-10,1.13176436636835e-07,0.912509743059043,0.000290310942980171,0.0871997604713487
"184",4.3164110108232e-06,2.39025567024803e-07,7.26135901093072e-06,0.755170935637209,0.00167463733062503,0.243142610236577
"185",8.62619539417105e-05,4.1698116213005e-06,0.000191754558221125,0.733298048239625,0.00331765886259121,0.263102106574
"186",2.54343897504421e-08,1.78664651110342e-10,7.86036576977158e-08,0.919316482552332,0.000173828173443563,0.0805095850575126
"187",5.03618272667293e-08,1.49287610637029e-09,1.9497990329504e-07,0.897188922819635,0.000871882336613972,0.101938948009144
"188",2.30743750379874e-06,1.03791313651147e-07,2.62450150014419e-06,0.951778699331057,0.00384189277899477,0.044374372159631
"189",3.22429231287438e-08,1.00188919808133e-08,3.3561026454362e-07,0.745086802012022,0.00424592519563359,0.250666894920265
"190",3.21518307188422e-06,8.93058577063771e-08,4.03175093749242e-06,0.705318994952109,0.00314159364187634,0.291532075166148
"191",5.62792941536603e-07,7.78594559260768e-07,3.91653405918365e-06,0.495314386903947,0.0351625375754813,0.469517817599011
"192",2.56028342092671e-08,6.44802394949385e-10,6.15207946533461e-08,0.915474492924281,0.000827837266908105,0.0836975820403796
"193",7.70893215106098e-08,4.30213471629018e-08,4.59951921164502e-07,0.857171447687451,0.0064635427783859,0.136364429471573
"194",1.49710685482666e-06,1.38150367908611e-06,3.92153394700034e-06,0.794201945374023,0.0760793718340722,0.129711882647423
"195",1.8582677243224e-07,3.48877679147432e-09,4.24923376218069e-07,0.932789245303312,0.000791106108961497,0.0664190343488012
"196",1.06581175502952e-06,1.77355031148462e-08,5.31889145587283e-07,0.987588158923956,0.0015297939474798,0.0108804316921601
"197",1.02700691068203e-06,5.21683267794926e-08,1.83630057768594e-06,0.871545976829958,0.00200246371526794,0.126448643978959
"198",1.66327931357038e-08,4.85911477517237e-06,1.1652371553152e-06,0.0207770113079435,0.40635391917843,0.572863028528903
"199",7.38688794027313e-06,2.51611400550134e-05,2.11649152892693e-05,0.0508486176851611,0.516582121527191,0.432515547844363
"200",8.51653215000792e-05,2.24773596385175e-05,5.20899502092932e-05,0.647169735552974,0.0896352949280018,0.263035236887676
"201",3.35253914763302e-07,1.41255793313776e-05,1.44039355491854e-06,0.0105579461932557,0.859978213633501,0.129447938946442
"202",6.14322915719876e-06,0.000101954065814672,1.18214343502063e-05,0.0163978123397851,0.90752223470849,0.0759600342224028
"203",1.16220613675599e-07,7.77689172602247e-06,9.4102352093061e-07,0.00707102429707031,0.900390741169359,0.0925294003977099
"204",1.83212346327874e-08,3.1974261909034e-06,2.46458727627516e-07,0.00714065915654075,0.910042697359083,0.0828131812782233
"205",1.03488940359386e-05,0.000218761307636266,2.64801803516009e-05,0.0939492947666748,0.795760124638096,0.110034990213205
"206",8.38385553419413e-06,7.72547204943485e-05,1.31982413044297e-05,0.123827959848503,0.780614684671432,0.095458518662732
"207",4.49432356531468e-08,7.07613857675639e-06,4.65957468830714e-07,0.00234395107784594,0.952103339513771,0.0455451223691017
"208",5.36502448033891e-07,3.79039197842582e-05,2.09028893967528e-06,0.00443208702624887,0.963316072872039,0.0322113093905398
"209",6.17818329500749e-07,7.69271547326772e-05,8.54513725163924e-06,0.00294504001743322,0.954319135730093,0.0426497341421599
"210",3.31996143064727e-07,0.000123285157988096,2.38330502401712e-05,0.00681583369723794,0.42945194487935,0.56358477121904
"211",3.3973715674162e-07,1.01187015640345e-05,2.39016330544512e-06,0.00710000587843414,0.623840496669569,0.369046648849971
"212",2.08390232032702e-07,3.32344457552489e-06,1.1567339489069e-06,0.0168543264987063,0.655913449825259,0.327227535107278
"213",6.71422579893803e-06,4.31116520557856e-05,1.47137920823959e-05,0.0327490328958772,0.710094809664637,0.257091617769548
"214",0.000191002627805462,0.0014595213098522,0.000223536360282106,0.0499114659365612,0.865254222033716,0.082960251731783
"215",6.9089450731674e-06,6.27962048360106e-05,1.28900988989867e-05,0.0545492310599813,0.707958992631859,0.237409181059352
"216",1.67234188003328e-06,5.09783343685133e-05,4.60707095309126e-06,0.0146804047900579,0.903605006243593,0.0816573312191479
"217",1.50545569345971e-06,1.31373152064242e-05,4.97640413149063e-06,0.0369882177432691,0.657061793723765,0.305930369357935
"218",1.93241326058562e-05,9.0393522381527e-05,2.94735131557846e-05,0.0873168890802124,0.527972600662741,0.384571319088904
"219",3.07575584231053e-06,2.43176662582502e-05,6.88430098676073e-06,0.0501797297051969,0.688083496583373,0.261702495988343
"220",1.47528433006547e-05,8.36091186388442e-05,2.33696276079474e-05,0.0840057392317321,0.634785111306518,0.281087417872203
"221",3.95244600795229e-06,5.8722095122923e-05,6.15156386508813e-06,0.0469894941624955,0.866402723424424,0.0865389563080843
"222",1.53048422110351e-08,3.6038896952705e-06,1.57263561656569e-07,0.00169508293235419,0.948414672236216,0.049886468373331
"223",1.95434848456028e-07,2.31480145240767e-05,8.36443301093854e-07,0.00282261794397865,0.972319815285915,0.0248333868774329
"224",3.61118824905519e-08,2.39786891074274e-05,2.16082926322523e-07,0.00106349594407227,0.994226660878918,0.00468561229309348
"225",2.32692695293027e-07,3.64516767529518e-05,8.20541639007239e-07,0.00324253782488423,0.982730998786816,0.0139889584772122
"226",6.0846357153919e-10,4.84241493642136e-06,1.28678392656451e-08,0.000164895753802636,0.998819442939884,0.00101080541507367
"227",5.9433151413494e-08,2.71048852916848e-05,2.86544709021517e-07,0.00149476070113286,0.992823969808303,0.00565381862741186
"228",8.46562623455208e-09,2.46967135197787e-06,1.67877159080965e-07,0.00206641054852316,0.959006548789603,0.0389243946477363
"229",8.04154260913023e-06,6.50214480802388e-05,9.40300230177675e-06,0.139820196056458,0.815125368129651,0.0449719698208999
"230",4.12994321162174e-09,2.30896530909353e-06,6.35129131470266e-08,0.00102145114598656,0.980009183521018,0.01896698872483
"231",2.55791867677845e-07,3.0022846900542e-05,8.37789716767346e-07,0.00828686559203745,0.976679914327976,0.0150021036515012
"232",2.42606742001511e-07,2.72356606146643e-06,3.96394169790528e-07,0.140896977520437,0.844371399603428,0.0147282603091618
"233",1.94472991176271e-07,4.20634537076133e-05,6.78195918217058e-07,0.00355174346316581,0.986862182537655,0.00954313787656248
"234",4.29118440576584e-08,1.34083347260259e-05,3.18726930441128e-07,0.00154757037313338,0.984726205388494,0.0137124542648721
"235",1.66629392252156e-07,4.38544332555155e-05,5.97394959011263e-07,0.00244450661208313,0.989886342141444,0.00762453278886586
"236",7.77839169626578e-08,2.87106845178094e-05,3.49951132390944e-07,0.00182306899998921,0.991351999316826,0.0067957932636176
"237",1.10761760051708e-08,1.32663466859346e-05,8.95868804118719e-08,0.000706686743522919,0.996169687414162,0.00311025883257308
"238",0.000124749382710638,0.0115693755704784,0.00186528529169474,0.00196740899277353,0.430886736268477,0.553586444493865
"239",0.00616074172669109,0.024199603418502,0.0111552575318841,0.012852840809739,0.427099571752899,0.518531984760285
"240",0.428285851877177,0.251332735776626,0.276054635750619,0.00291872223998131,0.00815140645898486,0.0332566478966114
"241",1.40757746869094e-05,0.000599598495270596,3.71955493661666e-05,0.00561459255276505,0.912766133186305,0.0809684044416058
"242",6.77928845827663e-06,0.000700440005341391,2.17340471363655e-05,0.00203395391598903,0.972468185652457,0.0247689070906175
"243",8.6283243007091e-08,1.11539740779004e-05,9.73307139138885e-07,0.00170781143450727,0.913976920673371,0.0843030543276622
"244",3.24447576338799e-10,1.9933281579822e-06,1.0361449939312e-08,8.72730263912769e-05,0.997535668681427,0.00237505427812601
"245",2.75182648674847e-10,2.76217849436295e-07,4.90679361062229e-08,0.000741986644714719,0.885724391297789,0.113533296496528
"246",7.99067496476057e-09,2.61097469548773e-06,2.32037067817948e-07,0.0003868248480407,0.956410921986317,0.0431994021632041
"247",1.07173901708148e-10,6.86107028043765e-08,3.32339239535348e-08,0.00330316354351471,0.743443236063217,0.253253498441467
"248",2.76910399677146e-08,3.18074944584745e-06,7.64742608635474e-07,0.00572352162465366,0.688188601979947,0.306083903212305
"249",4.92012861355493e-10,9.03886055104001e-08,3.77283765460814e-08,0.00581296703450378,0.727858759159756,0.266328145196746
"250",1.73557879353448e-08,2.40222191157041e-06,6.28744591712233e-07,0.00545932739840988,0.672426119275424,0.322111505003875
"251",7.42298979385232e-09,1.34216129848297e-07,9.98291670088402e-08,0.0261665826339712,0.721510682458119,0.252322493439623
"252",7.00662257738701e-09,6.13832595312441e-07,1.69532047027212e-07,0.0167425344364442,0.839439329238546,0.143817345953745
"253",3.55170694986066e-09,1.43369149212635e-08,1.77046519728561e-08,0.377653112547122,0.364725143490351,0.257621708369253
"254",1.48507067319425e-08,4.89198914125051e-08,2.4007678144379e-07,0.392240660482092,0.405134173527186,0.202624862143342
"255",9.82369734417713e-09,4.06508280121915e-08,1.94518048726301e-07,0.530215953559504,0.15536155222477,0.314422249223151
"256",0.000201705889832928,0.0147058871328601,0.00147124376721527,0.00117832768741868,0.454122990979757,0.528319844542916
"257",3.15214003681967e-05,0.000756630933865413,4.23576427582596e-05,0.0184019352604945,0.916777577079381,0.0639899776831324
"258",0.000411994674797942,0.0273280279534843,0.0049055312510664,0.000746888526718958,0.451426096361365,0.515181461232567
"259",0.123722019497446,0.373059048808973,0.158773436304584,0.00260557693327407,0.186319617491956,0.155520300963767
"260",0.022151974533096,0.607038037456118,0.0310351100799395,0.00233215977185982,0.309189044249818,0.0282536739091691
"261",0.244177345500572,0.540227879696954,0.197062874500011,0.000369018124566693,0.00766631156136474,0.010496570616532
"262",0.481026062843094,0.258560525816407,0.250380315266787,0.00256401198688278,0.00279853246285486,0.0046705516239741
"263",0.173079066401256,0.693667085752033,0.13255331335033,1.16604829575144e-05,0.000355316864138318,0.000333557149285185
"264",0.0417046791737982,0.907722317072389,0.0505401431752915,1.39464424421776e-07,2.60064651326113e-05,6.71464896419842e-06
"265",0.211600972454238,0.62746775770513,0.160045698234896,7.7863626758628e-05,0.000581416049327941,0.000226291929649646
"266",0.000740184228862069,0.0289180998953001,0.00294392598428106,0.00236981114578687,0.480980673800076,0.484047304945694
"267",0.000888069500089982,0.0311985057036353,0.00340799771239657,0.00350259476565283,0.493156640195031,0.467846192123194
"268",0.00875096280867676,0.00380974409243645,0.00429465587968166,0.757497224606828,0.141184431292725,0.0844629813196517
"269",0.00127269529524887,0.047288200825128,0.00852639181838862,0.00171006696241423,0.500946284775065,0.440256360323755
"270",0.000447148868243628,0.00612816866092213,0.000447521811683719,0.0289643035499846,0.832132062867169,0.131880794241997
"271",0.0279220961783932,0.486275339045865,0.18762421192977,0.000318037700954494,0.121713337113996,0.176146978031021
"272",0.343890666926927,0.394688568076408,0.229754312282388,0.00160993469963239,0.0081095376916336,0.0219469803230107
"273",0.0373804136610501,0.56911344966848,0.105337820871034,0.000313529115651804,0.134360977848217,0.153493808835567
"274",0.00887936681111372,0.211130164227784,0.0107337122720331,0.00837636169671286,0.724044506330925,0.036835888661432
"275",0.0504098332644992,0.707621816614321,0.104829684080891,0.000117138348047538,0.0746753999290447,0.0623461277631962
"276",0.000105638148721443,0.724666486987456,0.00273774027049298,2.95651849039859e-05,0.272162455099848,0.000298114308577588
"277",0.0563160442662183,0.809588929167496,0.12141218674388,1.48602215773666e-05,0.00552041484380907,0.0071475647570184
"278",0.0474870664190812,0.889395520026105,0.0625714550341087,2.30198855880549e-07,0.000252328529835264,0.000293399792014052
"279",0.0540550114190416,0.892258781133252,0.0511216290368486,2.36682423781094e-05,0.0022964245339454,0.000244485634534161
"280",0.0471752427473011,0.899227179211465,0.0535474111603462,2.22420798851971e-08,1.88196625737313e-05,3.13249762344066e-05
"281",0.00257087996315405,0.985904397609121,0.0115173198384565,2.57076980949148e-09,7.13949811485293e-06,2.60520383403616e-07
"282",0.0494218890606176,0.891131688246852,0.0594453893756061,2.24375585470894e-10,3.7798321645641e-07,6.55109332709165e-07
"283",0.043622313457032,0.912135845477038,0.0442013269476814,2.3183329879035e-07,3.54322799641886e-05,4.85000498531343e-06
"284",0.0571271215405102,0.861493552711493,0.0813792097868682,2.18548422721139e-11,5.20214773898333e-08,6.39177964591822e-08
"285",0.0599102683170105,0.85966536134295,0.0804242870549961,3.31533429738151e-11,3.91350843957076e-08,4.41168056340171e-08
"286",0.0587751868155534,0.872285274319796,0.0689372285294561,1.15930059192085e-08,1.71770576775455e-06,5.81036421383485e-07
"287",0.0381883100340715,0.920793082106334,0.0409901615323522,1.32785439289462e-07,2.48348011254581e-05,3.47874067721048e-06
"288",0.200671839370896,0.603625173014579,0.19569841339926,1.75554821360053e-08,1.35555253890623e-06,3.20110724352596e-06
"289",0.256601049249687,0.534218010884052,0.209167237761141,1.3470216131027e-07,3.92688548304789e-06,9.64051747571261e-06
"290",0.399623472683142,0.333441167243889,0.266915681824119,3.88607539238055e-07,2.450910998114e-06,1.68387303123103e-05
"291",0.273203863712216,0.459028303357446,0.267766186111875,1.7347890735534e-09,3.20296815831688e-07,1.32478685809905e-06
"292",0.201173588225293,0.644358998829939,0.154451413021474,1.7803732840384e-07,7.08099674135315e-06,8.7408892237832e-06
"293",0.38086526058584,0.256884107551369,0.362250441283126,3.46951679317592e-11,1.10850522290204e-08,1.79459918104705e-07
"294",0.466425669711633,0.230356119383352,0.303217249423112,1.2879326277972e-09,4.99773007666701e-08,9.10216669437019e-07
"295",0.35908148079671,0.363133903471209,0.277769601307079,2.34072684678114e-07,1.8487856067272e-06,1.29315667101768e-05
"296",0.520226652867219,0.188363937992771,0.291403258580248,1.02130857629216e-07,3.32159532493699e-07,5.7162693709918e-06
"297",0.482204254986523,0.170950533730109,0.346844625675272,4.32556835415799e-10,2.19663043302036e-08,5.63209235248933e-07
"298",0.640987957273644,0.0726290143074047,0.286368210212612,1.84129094230501e-07,2.72721164600896e-07,1.43613560808792e-05
"299",0.542487544947319,0.148426902311331,0.309084015823877,3.9333684973196e-09,5.5069167858098e-08,1.47791493660566e-06
"300",0.751162778049504,0.00769102741186185,0.241143523226112,6.20604557754873e-09,6.81201341165353e-09,2.65829446337458e-06
"301",0.523319387203654,0.182347731182309,0.294327060946921,4.89463067182057e-08,2.61415332535031e-07,5.5103054764491e-06
"302",0.347173584819009,0.31075343277565,0.342064715956305,8.05062736214711e-08,6.11375799765259e-07,7.57456696274416e-06
"303",2.79376875686482e-08,3.01946070919605e-09,5.78323435803746e-07,0.118603983074911,0.00495576500412257,0.876439642640383
"304",3.46921861555742e-05,1.86146794048323e-06,2.9802346814558e-05,0.600106435705811,0.0250610288603295,0.374766179432949
"305",0.00198039536370367,0.000665223710661959,0.00113774680738829,0.692876885909413,0.0748024773917721,0.228537270817061
"306",4.30874880884383e-05,2.76568383174127e-06,5.4037057521665e-05,0.672390430576655,0.0263173955492065,0.301192283644697
"307",0.041283614112581,4.36812980368024e-05,0.00776558212421833,0.948071917759425,0.0010613000361802,0.00177390466955828
"308",1.37425640498696e-06,1.42379848527333e-07,8.46371147909447e-07,0.832631867058305,0.0246799675928485,0.142685802341445
"309",7.64335876538775e-06,4.1996601365403e-06,1.39113164345618e-05,0.823812809183164,0.0469655432821113,0.129195893199388
"310",0.000535119519982622,8.75418728937838e-05,0.000286073933084265,0.924205326397269,0.0295080587946904,0.0453778794820803
"311",3.20509338717682e-05,4.50847535057323e-05,3.01247310154967e-05,0.610486107495934,0.235902882029169,0.153503750056504
"312",6.04302527709078e-07,1.25101819863374e-07,9.41980646028327e-07,0.879018739292335,0.0235260791540059,0.0974535101686651
"313",6.4906664693544e-06,5.8704948701972e-06,6.69167080667955e-06,0.814269153915947,0.0823869266838336,0.103324866568074
"314",9.72478086577227e-06,1.35023990781393e-05,1.44306894010226e-05,0.722826398012047,0.147677646915895,0.129458297202713
"315",1.18550537865234e-06,2.53238035151477e-07,1.47956914581016e-06,0.916514074447963,0.0213130925862093,0.0621699146532685
"316",7.32387028300032e-06,4.76648179558313e-06,6.19086534497893e-06,0.812155121520113,0.0924581610257383,0.0953684362367246
"317",6.25315725116965e-06,1.94720527521332e-06,5.46143614468482e-06,0.908387554839356,0.0437996695143285,0.0477991138476445
"318",1.57833324139833e-06,2.03695110379195e-07,1.02136062845573e-06,0.958528521358752,0.0117992247713104,0.0296694504809569
"319",5.31456246179268e-07,1.15457528075101e-07,6.29677680315387e-07,0.96729071658072,0.00965460621306875,0.0230534006147566
"320",3.85284573848127e-07,9.85904818542609e-08,4.38706152933708e-07,0.966257451388985,0.0114689253156604,0.0222727007141455
"321",2.32001828580378e-06,3.86473749461722e-06,3.51041099999027e-06,0.718175864262315,0.187989145011229,0.0938252955596763
"322",6.75032449334867e-07,6.31016464938462e-08,6.82076995667785e-07,0.983914196804253,0.00433716598247229,0.0117472170021834
"323",3.62123713538826e-05,7.73973628280363e-07,2.07719363736062e-05,0.992209913522047,0.00158734868808629,0.00614497950851132
"324",7.12469201543694e-07,3.74428639117365e-08,4.67931108799997e-07,0.989331990204708,0.00237639211662666,0.00829039983549112
