"","(1,R1)","(2,R1)","(3,R1)","(4,R1)","(5,R1)","(6,R1)"
"1",0.00423525497811502,0.00118782631770044,0.00225264772894375,0.547537086704815,0.153563118363766,0.29122406590666
"2",0.0014315929065535,0.000293667360664171,0.000828403594851661,0.559171910090676,0.114704772734032,0.323569653313222
"3",0.00706134044299395,0.001011487198503,0.00158785398333962,0.723874707054939,0.103689944624131,0.162774666696094
"4",0.000786402449184253,7.50893687380667e-05,0.000107057910329582,0.811151721371882,0.0774525445232177,0.110427184376648
"5",0.000537174226051475,4.74002950069958e-05,6.68651052481488e-05,0.824058389751258,0.0727149756687258,0.102575194953709
"6",0.0022112493994666,9.76168080611042e-05,0.000146792961012106,0.898259560147551,0.0396541570992069,0.0596306235847019
"7",6.98008788497708e-05,1.38327652148919e-05,6.41665912365054e-05,0.472195204028211,0.0935771225313401,0.434079873205148
"8",0.000289232583487959,0.000104092383672426,0.000125878617926004,0.556780463766614,0.200380624329342,0.242319708318958
"9",0.00117484360298128,0.000313636028207904,0.000321471154564964,0.64792766914394,0.172970649200145,0.177291730870161
"10",0.00281606411045542,0.000205714035118286,0.000216293483153236,0.866857134429185,0.0633240835435605,0.066580710398528
"11",2.91340442683616e-07,7.4850430194207e-08,5.93631421872746e-07,0.303535523858898,0.077983558790481,0.618479957528326
"12",5.32170667834932e-08,2.63180596056622e-08,1.11062185705622e-07,0.27921199966346,0.138081981850949,0.582705827888279
"13",5.32476802965961e-08,4.32193786113183e-08,1.04354135651613e-07,0.26514965076333,0.215213190155286,0.51963695826019
"14",7.99983677327601e-07,6.11033750376126e-07,1.2160485838359e-06,0.304515216672775,0.232591089247896,0.462891067013317
"15",2.65443188865151e-05,3.63050827669545e-05,3.40708760585569e-05,0.273851322244648,0.374550764042496,0.351500993435144
"16",3.10911080676807e-06,0.000107778266479952,8.33927823629503e-06,0.026074203828395,0.903870161961382,0.0699364075547003
"17",2.22564509613812e-05,3.80063998675406e-05,7.76617596712088e-06,0.327138839475166,0.558641158326203,0.114151973171835
"18",4.88463820258042e-05,1.67846430986763e-05,2.74729608661409e-05,0.524594449026665,0.180261674115553,0.295050772871792
"19",0.000257214501643038,5.80406500222136e-05,9.6827514928339e-05,0.623924588070294,0.140789062922658,0.234874266340455
"20",0.0027708917902427,0.000449835833834778,0.000793360889788066,0.687520759893927,0.111614417926626,0.196850733665582
"21",0.000766568792229609,9.89040111970827e-05,0.00021576922582344,0.708204014566654,0.0913736881758408,0.199341055228255
"22",0.00116895252153483,0.000614184532764596,0.000458413239451774,0.520323928897871,0.273385704952993,0.204048815855385
"23",0.002218566580324,0.000329550947893029,0.00025707303475748,0.788660530763966,0.117149436840939,0.0913848418321207
"24",0.0058890450596083,0.00900201991052916,0.00362518893848799,0.312158281827878,0.477166508289213,0.192158955974283
"25",0.00311425964189912,0.0179837338159897,0.00419387601473415,0.120018577385832,0.693064290350673,0.161625262790872
"26",0.00287388747487023,0.035178626236984,0.00414966348454267,0.0652241981166855,0.79839510322424,0.0941785214626776
"27",0.000657896228700959,0.0381274679874431,0.00233528637023487,0.0153412725422057,0.889082278058566,0.054455798812849
"28",2.99171576963046e-07,4.36968782864698e-07,5.94106936252129e-07,0.224898919075045,0.328486442239623,0.446613308438036
"29",1.52728450382962e-06,7.76188245866029e-06,3.80750610721231e-06,0.116614692399779,0.592652864014709,0.290719346912443
"30",2.82577146355949e-07,4.91783594286557e-05,1.22082770329455e-06,0.00557523655443414,0.970287196645298,0.0240868850359893
"31",2.18374713354715e-07,1.75243233504653e-06,5.56716057535366e-07,0.0863984827259015,0.693338035809537,0.220260953941455
"32",9.64427291820931e-06,0.000121244243295281,1.90050505295262e-05,0.0643311618588343,0.808747648063116,0.126771296511307
"33",1.4573803611054e-08,1.83659322634047e-06,2.79999683478846e-08,0.00775544495919311,0.977342501617552,0.0149001742562567
"34",4.94920649091775e-07,3.9038249307412e-06,1.04395880842312e-06,0.0909323601062897,0.717254402388541,0.191807794800781
"35",2.27891521709729e-05,6.55660897839509e-05,1.02548051178519e-05,0.231080965966759,0.664837166747998,0.10398325723817
"36",1.80273201215098e-06,1.4172652203336e-05,2.78023135126404e-06,0.0961151178635861,0.755634297156516,0.148231829364331
"37",2.94592636220274e-05,1.10113385574003e-06,6.33128811677765e-07,0.944373662995608,0.0352989750910183,0.0202961683870847
"38",3.14366678977327e-07,1.60943631420464e-05,1.09073372244166e-06,0.0179640465519571,0.919689992744672,0.062328461239827
"39",6.82965297457599e-09,1.40429440759875e-06,4.09481208650145e-08,0.00470337710805935,0.967095428459275,0.028199742360484
"40",3.30056011020424e-08,1.78284432216592e-05,1.68554567379342e-07,0.00183056016667145,0.988803018446269,0.00934839138366946
"41",5.78052340826674e-09,1.01613906668305e-06,2.64171480278256e-08,0.00551398910115725,0.969285883513177,0.0251990790489273
"42",4.3121665288039e-08,1.76492711050555e-05,2.06948228518254e-07,0.00240907715213592,0.986011451251523,0.0115615722553418
"43",8.21537695631528e-07,1.55376075969922e-05,5.28155177231342e-07,0.0486474332320959,0.920060920126298,0.031274759341136
"44",1.18110274233841e-06,1.64296404388732e-06,1.41188246969088e-06,0.278827169045384,0.387860426344858,0.333308168660502
"45",1.45991844113539e-05,1.51373496132687e-05,8.89413622773939e-06,0.377902333552764,0.391832829935997,0.230226205840987
"46",4.89757457021109e-05,3.01997335381821e-05,1.67613465352495e-05,0.510450984058018,0.31475750867823,0.174695570437976
"47",4.58109734964002e-06,7.20963927370414e-06,4.36862426080951e-06,0.283490377798727,0.446151479766205,0.270341983074184
"48",7.08387409759351e-06,7.17431324927057e-06,3.46955812724141e-06,0.399585414108275,0.404686883357531,0.19570997478872
"49",1.11439897847364e-05,4.88656811164212e-05,1.01637485558508e-05,0.158795279738273,0.69630712629614,0.14482742054613
"50",2.91940606012152e-05,9.59036016754097e-06,5.17116351720382e-06,0.664142630190184,0.218173385098636,0.117640029126894
"51",3.95725256801515e-05,1.90839538632557e-06,1.72146440290976e-06,0.915940534827247,0.044171471513875,0.0398447912734084
"52",8.39725434008621e-05,0.000156601507125537,7.97783723856878e-05,0.262041541094141,0.488684736735267,0.24895336974768
"53",0.00406089188123098,0.00634316886073732,0.00288774108933611,0.301457647498953,0.470880983383099,0.214369567286643
"54",0.00944496397479446,0.0299449516724514,0.00775029501870574,0.190914004331988,0.605286653138344,0.156659131863716
"55",0.0213503645229091,0.0103902443715257,0.00478435453617302,0.563191343875287,0.274079427754653,0.126204264939452
"56",1.05108459140557e-06,1.37236370838032e-05,1.81865758353578e-06,0.0633425617513328,0.827041264367905,0.109599580501503
"57",1.70466646718242e-06,6.83269788731813e-06,4.10772194801076e-07,0.190503486865893,0.763582083236951,0.045905481760607
"58",5.40144380655154e-08,1.47966058081595e-06,1.27869451277957e-07,0.0325085180012918,0.890531760580638,0.0769580598735999
"59",5.57811501906802e-07,1.45708491912884e-05,9.255857733088e-07,0.0347448600485412,0.907586369605373,0.0576527160996193
"60",1.58972700923126e-06,1.19058393229456e-05,6.75422894930127e-07,0.112180205330061,0.840143931705984,0.0476616919747279
"61",7.01613740219223e-08,2.83327852487488e-06,1.52656207372799e-07,0.022957772649258,0.927087947362303,0.0499512238923323
"62",1.09946432255921e-06,1.49183560050148e-05,8.27697269742901e-07,0.0652663710190023,0.885583040794323,0.049133742669077
"63",1.43462034830609e-08,3.68343953949008e-06,5.36113267051957e-08,0.00382421519191125,0.981881057384741,0.0142909760262778
"64",1.06703570134485e-08,2.19136292454545e-06,2.29536281368506e-08,0.00479568361752876,0.984885816290614,0.0103162751049476
"65",7.67852213932232e-08,1.55375960697712e-06,2.00037392000485e-08,0.0465209544051853,0.941357966041894,0.0121194290043527
"66",4.84024384193944e-06,3.3814720126751e-06,9.19609655760137e-06,0.277885616226154,0.194135350341606,0.527961615619828
"67",0.00600044805579915,0.00753446640191308,0.00753309207097583,0.278812832575588,0.350091509821964,0.35002765107376
"68",6.40604957389885e-07,4.76242006798521e-07,1.15256498062882e-06,0.282277311995437,0.209852128035564,0.507868290557054
"69",4.94560484445689e-05,8.52459378635467e-07,1.01285636974986e-06,0.963604749608049,0.0166093719966676,0.0197345570310906
"70",1.1055838571723e-08,9.04969100076615e-09,1.94550642074475e-08,0.279465930057766,0.2287551772629,0.49177885311874
"71",4.35944700067033e-07,2.47788329273804e-07,5.07219880210957e-07,0.366046530791455,0.208058632866371,0.425893645389265
"72",0.000194839652972084,3.13544369781305e-05,2.78273929786482e-05,0.766825534866485,0.123400871123689,0.109519572526898
"73",2.13357734202495e-06,1.13582150163582e-06,2.22050007706825e-06,0.388634774466427,0.206891835804466,0.404467899830186
"74",3.55019024662541e-07,2.45945192249815e-07,3.59475197638606e-07,0.36964193504518,0.256075450786603,0.374281653728803
"75",3.33801050404166e-05,1.68911808046719e-05,2.05829840169384e-05,0.471075913737335,0.238376374850499,0.290476857142305
"76",0.000117054994591407,9.17604769484521e-06,8.8026213028009e-06,0.866740819406562,0.0679446026690747,0.0651795442607743
"77",3.83609694415263e-06,5.21932641582639e-06,4.67293523285045e-06,0.279424831082269,0.380180538536328,0.34038090202281
"78",0.0346219089731216,0.0117279829178536,0.00580839433529834,0.629163492696798,0.213125703167136,0.105552517909792
"79",4.0382267725338e-07,8.00854536936157e-07,5.77436015303913e-07,0.226597250338817,0.449383965322073,0.324017002225881
"80",1.61770934628808e-06,3.74026056243337e-06,2.35671620127777e-06,0.209690562014119,0.484819687303848,0.305482035995923
"81",3.47836750455408e-05,0.000120440926000076,3.4346309539106e-05,0.183451569469813,0.635213986853987,0.181144872765616
"82",9.54373979826023e-06,0.000139875163508666,1.85816302926092e-05,0.056798250817627,0.832447739362096,0.110586009286677
"83",1.47867227407466e-06,2.47827051140403e-05,3.78943464998057e-06,0.0492042556752749,0.824668576084099,0.126097117428588
"84",9.48850034061336e-08,2.69384252042102e-05,4.69172076972733e-07,0.00344995745661022,0.979463746286738,0.0170587937743674
"85",2.41074553582811e-07,6.2773659941415e-06,5.74828977620741e-07,0.0339861389327793,0.884968693867196,0.0810380739304995
"86",3.86414781340184e-06,2.6161596894234e-05,2.12932267501207e-06,0.120168417484135,0.813581117868854,0.066218309579628
"87",5.57187814939419e-07,2.81311335740308e-05,1.64682116978991e-06,0.0183671763364343,0.92731656551784,0.0542859230031672
"88",0.00277376614032666,0.000557327550081494,0.0011059045550892,0.622370979666473,0.125051816119756,0.248140205968274
"89",0.00187804546156536,0.000207106473507923,0.000351979568645699,0.768718641134757,0.0847724989322264,0.144071728429298
"90",0.0271349607639282,0.00418389994363659,0.00427430645291297,0.735229361623728,0.113363940763339,0.115813530452456
"91",0.000325234696277913,2.44466700747656e-05,3.98145527994631e-05,0.834689152581224,0.0627404473190107,0.102180904180613
"92",0.000127252297207955,6.88710828112229e-06,1.10484122875048e-05,0.876339514382716,0.0474289679558146,0.0760863298436924
"93",0.0617366676002689,0.0117597648300224,0.0196767427198461,0.600864639061093,0.114454296363802,0.191507889424968
"94",8.33436249556937e-05,0.000593128292698196,9.55190951021945e-05,0.107875976598409,0.767716713269666,0.123635319119169
"95",0.655728984066406,0.090227934219009,0.148196382504087,0.0776228734813129,0.0106808631195919,0.0175429626095925
"96",0.776906383216225,0.0815508636306184,0.126892273063029,0.0115512833458766,0.00121252335319793,0.00188667339105315
"97",0.828032578097387,0.0699168314435933,0.0993771273667958,0.00221964868554067,0.000187421131868422,0.000266393274814571
"98",8.75233822774182e-08,1.23813662649154e-07,1.83815933773746e-07,0.221492314141633,0.313330837416554,0.465176453288834
"99",0.000141437488198882,7.39974505985654e-05,3.88257393409314e-05,0.556128172246367,0.290955866625721,0.152661700449773
"100",3.85740901520092e-09,9.2594906866973e-09,1.04293454297846e-08,0.163822677577711,0.393247008891957,0.442930289984088
"101",1.25192818709582e-07,5.62066947328105e-07,3.8397109785827e-07,0.116868070943977,0.524692075413572,0.358438782411587
"102",1.43168486662749e-06,7.06585963843581e-06,2.64521330994112e-06,0.12848425295414,0.634114195298994,0.237390408989051
"103",9.96813671979455e-05,2.12033164430433e-05,9.92338247242556e-06,0.761943288609278,0.162073666465207,0.075852236859402
"104",7.32314646767191e-07,6.92912409043385e-06,1.55433017721119e-06,0.0794624848697543,0.751870006461569,0.168658292899762
"105",2.10502112996747e-05,7.34649228206032e-05,1.13884407953765e-05,0.19874666198765,0.693622879880586,0.107524554556849
"106",1.14762765170685e-07,1.05127193821296e-05,7.35526247371098e-07,0.010099566693468,0.925159919000045,0.0647291512980922
"107",1.05847694425834e-05,0.00086888432234813,3.70314675901249e-05,0.0115385292318999,0.947176715273492,0.040368254935227
"108",2.63531774303348e-08,4.93553404516099e-06,2.16877563722782e-07,0.00508867307954794,0.953028123276445,0.0418780248792203
"109",2.84571870238691e-07,3.89411570171946e-05,1.1725740806407e-06,0.00704386949726437,0.963891574636407,0.0290241575633602
"110",2.04753191706447e-07,4.07006861453079e-05,7.82016492531838e-07,0.00491142124153563,0.976288637130174,0.0187582541724605
"111",3.48740606364956e-07,2.58750111950677e-06,1.08921620126374e-06,0.0866334237835352,0.642781703464765,0.270580847293773
"112",6.20596674135412e-06,0.000150698984435493,1.39515862791146e-05,0.0363164705533403,0.881869893726778,0.0816427791824254
"113",4.67941452657518e-07,3.68990289368413e-06,1.24878690519135e-06,0.0865490729625692,0.682473572188523,0.230971948217656
"114",9.26960336648556e-05,1.40366685386789e-05,6.88103477708108e-06,0.815794855316495,0.123533246536078,0.0605582844104464
"115",2.37493796478482e-07,4.67096657175668e-06,8.73739839840161e-07,0.0410730197321989,0.807813530352934,0.151107667714659
"116",2.60505478346943e-06,0.000103358913198943,6.81053371565713e-06,0.0230970738996305,0.916406238936013,0.0603839126626582
"117",4.07207142160387e-08,1.05498203382042e-06,1.33604826525989e-07,0.0331248785904945,0.858191032702713,0.108682859399218
"118",3.73182061041076e-06,6.07838199465402e-05,5.99726755462999e-06,0.0529202038154784,0.861963228157474,0.085046055118936
"119",1.52835213255031e-07,3.73434261268366e-06,4.37482744054044e-07,0.0353402422735959,0.863495851866516,0.101159581199319
"120",7.68860431103881e-07,8.94557105031718e-06,9.0758525024682e-07,0.0723828895847344,0.842163616975134,0.0854428714234003
"121",9.65684113958113e-08,2.15584935540584e-05,4.10108189347888e-07,0.00437641223339337,0.977015708965114,0.0185858136313378
"122",9.78985833724832e-06,2.40913454809237e-05,3.01386119642693e-06,0.265333511024168,0.65294522775969,0.0816843661511273
"123",6.16475499166825e-09,1.5808497295321e-08,1.66701981584807e-08,0.159529096971813,0.409086054743833,0.431384809640903
"124",1.9237340486512e-06,7.54630260462713e-07,7.5723688821881e-07,0.55993909914856,0.219649378525061,0.220408086725182
"125",9.2986442986462e-06,5.87209789043022e-06,3.73782623634762e-06,0.491759516923116,0.310546347314697,0.197675227193761
"126",4.26733366227686e-05,3.78169315141593e-05,1.65470264079764e-05,0.439719552340654,0.3896776186803,0.170505791684501
"127",4.12204292914075e-05,3.27690352827605e-05,1.63227611899677e-05,0.45638014381724,0.362808861823665,0.180720682133331
"128",9.87421104596035e-07,5.5858175580509e-08,1.23217893393559e-07,0.846482936388158,0.0478853371338651,0.105630559980804
"129",0.000126616708298234,6.74985279692417e-06,1.14824598593953e-05,0.874002234586873,0.0465924798309297,0.079260436561243
"130",6.44788749077281e-07,2.28955252317538e-08,6.70844558834138e-08,0.877539079728923,0.0311601562070301,0.091300029295317
"131",1.63894308768929e-05,4.54744461291233e-07,1.29495587051054e-06,0.90352362515576,0.0250693490989146,0.071388886614117
"132",1.66758195768724e-05,1.99629860311903e-07,6.4848861641657e-07,0.951585613909232,0.0113916381922827,0.0370052239604314
"133",4.11671664311405e-05,4.48263624163744e-07,1.45252129739362e-06,0.955824276583349,0.0104078393396742,0.0337248161256238
"134",3.88197763842147e-05,3.64689498445418e-07,1.18688663453063e-06,0.961528577988767,0.00903300862367276,0.0293980420350428
"135",6.50457313702304e-06,1.38015252368207e-07,8.46503987237833e-07,0.868533074044108,0.0184286976069261,0.11303073925659
"136",1.01289582451696e-05,9.85343015703473e-08,4.0324204932022e-06,0.710299829931286,0.0069097824232016,0.282776127732472
"137",3.00994404883878e-06,6.69319421591998e-08,4.29064360037937e-07,0.858523875132424,0.0190909430276035,0.122381675899622
"138",3.58588699253845e-05,2.265182376361e-06,1.44464856010743e-05,0.682073766709179,0.0430861730707825,0.274787489682136
"139",3.1386394491652e-05,1.39610535902601e-06,3.66209879009296e-06,0.86117701381381,0.0383062108129449,0.100480330774604
"140",8.9204879800294e-06,2.93013198644339e-08,8.86733338352086e-08,0.986938566216297,0.00324181846105175,0.00981057686001741
"141",0.000274781646187551,7.75921031013264e-05,7.48087550931264e-05,0.642967025705151,0.181559301508863,0.175046490281605
"142",3.81478797028027e-09,1.30785712224091e-08,1.21995782831848e-08,0.13112418993305,0.449544527869028,0.419331253104984
"143",2.91533630789993e-07,7.2906881718344e-07,6.04695712023404e-07,0.179372107922331,0.448574698583706,0.372051568195802
"144",4.26294634089052e-07,8.14694510048186e-06,1.63594755237652e-06,0.0417555550687478,0.797993189644917,0.160241046099049
"145",3.19400427767945e-06,0.000108111314827806,8.24149256511677e-06,0.026714409192704,0.904234826125399,0.0689312178702264
"146",7.718285798994e-08,2.47096640148288e-06,3.077744699542e-07,0.0270254547648824,0.865204948973566,0.107766740337823
"147",1.73965708330843e-06,7.52260748012633e-05,5.01076339899951e-06,0.0212196735942475,0.917578969082517,0.0611193808279515
"148",1.59023290793102e-07,3.86933199378066e-06,3.97277767756902e-07,0.035932167247943,0.874296360268596,0.0897670468504082
"149",8.13236229713751e-06,4.39654377379847e-05,4.12818117712465e-06,0.144628957499038,0.781897706189477,0.0734171103302723
"150",2.69456895338463e-07,5.3491492765669e-06,4.32410145419613e-07,0.0445305797769709,0.884003054736774,0.0714603144699378
"151",3.62981752710931e-06,2.79904406262556e-05,2.23176493741202e-06,0.107222384928347,0.826818917680551,0.0659248453680115
"152",1.52999559547771e-06,3.04151621420854e-05,1.98631979403168e-06,0.0450892148460661,0.8963396917324,0.0585371619440018
"153",1.65513940254817e-06,3.14431488911942e-07,5.34115909219419e-07,0.661079196546577,0.125587074864409,0.213331224902213
"154",1.00625928943062e-05,1.45830363898066e-06,2.21991404811282e-06,0.732304296497935,0.106127916695148,0.161554045996336
"155",4.36822364364831e-05,2.53021970524485e-05,1.3861398120273e-05,0.527227703517023,0.3053877350189,0.167301715632467
"156",1.65698908278782e-05,1.08758422955829e-06,2.31088327163651e-06,0.82979079608343,0.05446429267564,0.115724942882601
"157",1.08940531235038e-05,3.31169984978618e-08,8.13690127642845e-08,0.989589359907859,0.00300826781125776,0.00739136374174801
"158",5.22613280136362e-06,1.89291192942469e-07,7.72430147303409e-07,0.844573957823896,0.0305905758772364,0.124829278444726
"159",2.33250557204473e-05,3.6257606160777e-07,1.18140227687885e-06,0.937892303881546,0.0145790561801534,0.0475037709042421
"160",9.95549126655943e-06,6.46932177560493e-07,3.47654455882537e-06,0.707108013984675,0.0459496086139077,0.246928298433415
"161",4.83558596569467e-06,1.79905300126819e-06,1.22232143540274e-06,0.615447669970604,0.228973900089701,0.155570572979292
"162",8.33033515373886e-07,2.18243271238782e-08,1.51080631646691e-07,0.828114938244023,0.0216954671989352,0.150188588618568
"163",2.56950914373861e-05,1.05972206345611e-06,8.20870489149641e-06,0.734885796053474,0.030308305930574,0.23477093449756
"164",2.54227116118083e-06,3.52866228655816e-07,7.93373626025541e-06,0.234765287082838,0.0325853287159751,0.732638555327537
"165",3.78873451005547e-05,4.41264044292831e-06,2.56769611527453e-05,0.557317906669356,0.0649093655945119,0.377704750789436
"166",1.82080631429139e-06,2.5913834795098e-08,2.69384921371442e-07,0.860449930721016,0.0122459798052906,0.127301973368623
"167",4.56336957918976e-06,4.16357152523286e-09,1.1469232199683e-08,0.996581417065101,0.00090927064719689,0.002504733285319
"168",8.97584754493866e-07,3.4412914079806e-09,1.11115849207133e-07,0.886816216528698,0.00340000541577707,0.109782765913629
"169",6.21289721032782e-06,2.57668848256276e-08,8.19882466390397e-07,0.880188761543666,0.00365042614994603,0.116153753759826
"170",1.50021052338873e-06,5.23368845407551e-09,2.62740649349375e-07,0.848445150541383,0.00295991630446269,0.148593164969293
"171",3.4295786519381e-05,4.39189741201082e-07,2.57561768835237e-06,0.919162717434988,0.0117707414513974,0.0690292305196653
"172",2.53375977186829e-06,2.24382662648049e-08,1.08097922971976e-06,0.696625533907673,0.006169120447104,0.297201708467955
"173",1.38268067379033e-06,4.94123161343724e-08,2.21425578293928e-06,0.379194563708271,0.0135511271789352,0.607250662764021
"174",3.92724703391477e-07,3.64359226349645e-09,1.78212267333997e-06,0.180273342159156,0.00167252670670679,0.818051952643168
"175",5.53967592251168e-08,1.47721000119066e-09,3.72854421182495e-06,0.0146341954509853,0.000390235461098469,0.984971783669735
"176",1.8190806924188e-07,8.88165538388711e-10,1.13358584942878e-06,0.13818771309901,0.000674701046054698,0.861136269472851
"177",9.17311385220015e-07,1.53931913332609e-08,3.07149268618872e-06,0.22908654392719,0.00384424859362333,0.767065203281924
"178",1.40591344144366e-07,1.98131712711822e-09,3.82389970446824e-06,0.0354447916256855,0.000499514199416105,0.964051727702533
"179",6.7561387573752e-06,2.77443540120717e-08,9.2421812004015e-07,0.876491690693922,0.0035993481822299,0.119901253022616
"180",1.0007839349355e-06,3.06331621360211e-09,1.95926814935682e-07,0.834142662782116,0.00255324116840703,0.163302896275411
"181",4.23730990601722e-06,1.84186064763141e-07,1.59598093027863e-06,0.704162970257025,0.0306083362605575,0.265222676005517
"182",9.76535247573517e-06,3.25999422431931e-07,3.78358075535397e-06,0.703802838253711,0.0234952419123398,0.272688044901295
"183",4.60368434598574e-07,2.15817242531345e-10,9.78383997877209e-08,0.8244081363383,0.000386476303181122,0.175204828935868
"184",1.60021208517459e-05,4.99238820697694e-08,7.25044848670417e-06,0.686696818705319,0.00214237670820926,0.311137502093251
"185",0.00017054106841506,1.06069110175624e-06,8.04213062901966e-05,0.676517792473453,0.00420764575550765,0.319022538705232
"186",2.34850334073202e-07,6.85703028029782e-11,4.74314168781235e-08,0.831769082889616,0.000242855340619268,0.167987779419444
"187",4.45348491132056e-07,6.70755297179163e-10,1.03692684271256e-07,0.810148409460888,0.00122019350681045,0.188630847320371
"188",9.64212669742988e-06,6.00215681059769e-08,9.0975983585551e-07,0.908604209906724,0.00565599801554468,0.0857291801696301
"189",5.97914710531174e-07,4.45279751715134e-09,3.10015567682082e-07,0.655332371794876,0.0048803990044747,0.339786316817574
"190",3.55906445470395e-06,2.12993115398673e-08,2.03430150235261e-06,0.633883642477243,0.00379349274310115,0.362317250114388
"191",2.62598593875862e-06,2.25777158297163e-07,3.30748469056597e-06,0.426345855079569,0.0366563865369148,0.536991599135729
"192",1.93040574671138e-07,2.77780348247343e-10,3.85396294886476e-08,0.83258090215328,0.00119806218634721,0.166220803802388
"193",1.51067316449631e-06,1.5164023104821e-08,4.31906906004168e-07,0.771638240114855,0.00774564636260452,0.220614155778447
"194",5.9134151846735e-06,7.3254644016989e-07,1.6177506606504e-06,0.715582308969321,0.0886454369790661,0.195763990339328
"195",1.1611848824534e-06,1.63179533677275e-09,1.76191457176246e-07,0.867196619120255,0.00121865813147315,0.131583383740137
"196",6.32421686001549e-06,1.4560861782305e-08,1.40847064547552e-07,0.976009582343447,0.00224716212952149,0.021736775902245
"197",6.10265134321226e-06,1.95462095538166e-08,1.41425209926639e-06,0.809745388432588,0.00259353716235882,0.187653537955401
"198",2.297256703222e-08,2.95268597328285e-07,1.94220585344296e-07,0.0448278437812993,0.576176555976148,0.378995087780803
"199",1.32434806238738e-06,1.34107669596309e-05,6.32340112756338e-06,0.0628876300768526,0.636820013980174,0.300271297426824
"200",6.35377254628341e-05,1.01746607765748e-05,2.60917550235128e-05,0.636560600900727,0.10193610379846,0.261403491159549
"201",6.59418536606233e-08,5.27743034063393e-06,6.42880888440149e-07,0.0110154813043545,0.881586307104378,0.107392225338185
"202",1.2021974004366e-06,6.75569405592791e-05,4.99273525371377e-06,0.0162993654770989,0.915935489704467,0.0676913929452207
"203",2.9832274993738e-08,3.99114435962016e-06,3.5764414742393e-07,0.00681313725360677,0.911503206736948,0.0816792773886632
"204",6.52635027343025e-09,9.15927517846831e-07,7.53900348467731e-08,0.0065404455964963,0.917905697645377,0.0755528589142234
"205",8.54528971981029e-06,7.67304984279171e-05,1.05727458359028e-05,0.0891455540444414,0.800462362160222,0.110296235261353
"206",5.2077008300719e-06,3.46514291851561e-05,4.43463247801512e-06,0.117566670074654,0.782274803326257,0.100114232836596
"207",1.04834107388594e-08,4.65774453948023e-06,2.11191577035988e-07,0.002148484984196,0.95456473590226,0.0432818996940171
"208",1.10722058052205e-07,2.47468574413456e-05,8.19366443668613e-07,0.00431200872928592,0.963752545668582,0.0319097686561894
"209",2.6337596275226e-07,9.07550946267722e-05,3.86810942678163e-06,0.00277542906344227,0.956367941289795,0.0407617430667469
"210",3.98741994427775e-07,1.19685097678167e-05,6.7036813205703e-06,0.0209079644039646,0.627566646330099,0.351506318332853
"211",3.29781244381496e-08,2.48724882404262e-06,7.9340391036195e-07,0.00995222961326967,0.750608830063476,0.239435626692396
"212",3.28700022495828e-08,1.49662627943743e-06,4.33335044934975e-07,0.0167461856174272,0.76248189108952,0.220769960461727
"213",9.79864247408734e-07,2.53905895593468e-05,5.81999777608712e-06,0.0304386132208958,0.788736130633704,0.180793065693817
"214",6.76630478121918e-05,0.00126229312580696,0.000102707043415381,0.0471611950729729,0.879819255418295,0.0715868862916977
"215",1.70019751749153e-06,2.54778715319145e-05,6.31164245603391e-06,0.050766056258532,0.760741646914717,0.188458807115246
"216",3.65594273427942e-07,2.52455295485621e-05,1.93007579259864e-06,0.0132740842678991,0.91662072130733,0.0700776532251566
"217",3.25069979781803e-07,6.96894443411142e-06,2.0015058442584e-06,0.0349702812816911,0.749703024748503,0.215317398449548
"218",4.73125331787518e-06,3.25327744981211e-05,1.94075057942337e-05,0.0834808040140942,0.574025948188306,0.34243657626399
"219",7.44830801633931e-07,1.21693277353086e-05,3.13727653820084e-06,0.0464020096984395,0.758133608812286,0.195448330054199
"220",4.26765793313719e-06,3.68550187913074e-05,1.24070609979474e-05,0.0797207247429168,0.688459303554588,0.231766441964773
"221",1.56842654087119e-06,3.17647251652891e-05,2.76564466068379e-06,0.0434465987902408,0.87990685822749,0.0766104441859023
"222",2.02761033837158e-09,1.27916664049546e-06,5.13741680339445e-08,0.00152157863546313,0.959924396981614,0.0385526918145044
"223",3.72188248804753e-08,1.34446722721756e-05,2.96558591813336e-07,0.00270119737003759,0.975761956462774,0.0215230677174998
"224",1.50581024533971e-08,1.48422977781801e-05,8.008578058344e-08,0.00100806268338212,0.993615667852841,0.00536133202211551
"225",7.20373517704831e-08,2.23999071597354e-05,3.19167982519113e-07,0.00316069301039957,0.982812780499582,0.0140037353775245
"226",4.2620303202185e-10,2.79634826496879e-06,3.32402743257318e-09,0.000152209588093584,0.998657882741877,0.00118710757153365
"227",2.40264346994658e-08,1.65721865503903e-05,1.08707896655128e-07,0.00143826082804323,0.992037605603681,0.00650742864739389
"228",2.27859205790167e-09,1.19686236082196e-06,3.87751659935748e-08,0.00184066529424422,0.966835200672524,0.0313228961171125
"229",8.51120937441206e-06,5.14051695160347e-05,3.34771065509724e-06,0.134526095003283,0.812497544563301,0.05291309634387
"230",1.02372194108588e-09,1.08852328514413e-06,1.84075036183459e-08,0.000923973680289878,0.982460984267869,0.0166139340973308
"231",1.51472037710515e-07,1.87753741173476e-05,3.01649804193445e-07,0.00787732568642073,0.976416103211072,0.015687342606548
"232",3.85164151298205e-07,2.42883712369599e-06,5.52470932216744e-08,0.134238307994958,0.846503977022146,0.0192548457345278
"233",9.25561728558198e-08,2.66969741074368e-05,2.96709079852651e-07,0.00341699948178672,0.985601974192358,0.010953940086495
"234",1.18935632852178e-08,7.87414841866091e-06,1.02883356580753e-07,0.00148874445115565,0.985625122155545,0.0128781444679604
"235",6.78253309790957e-08,2.82606041406989e-05,2.52546329531296e-07,0.00237302578248859,0.988762476887165,0.0088359163545451
"236",3.16476744499664e-08,1.76424834454634e-05,1.3802622669725e-07,0.00177671407908551,0.990456621927906,0.00774885183566187
"237",5.20013101699248e-09,7.65912066245563e-06,2.8604581536783e-08,0.000675957553113047,0.995598081100919,0.00371826842059245
"238",4.70150290919758e-05,0.00188112722319171,0.000918147284471937,0.0164709914789762,0.659023956008761,0.321658762975507
"239",0.00167963682153445,0.0134220549351133,0.00521272054851852,0.0810023918929904,0.647293831573691,0.251389364228152
"240",0.572816590289868,0.253574455375322,0.100844807602393,0.0449513576073794,0.0198990675495352,0.0079137215755022
"241",1.67537827453269e-06,0.000244625574218514,1.73905856057967e-05,0.00635187804483411,0.927451333053083,0.0659330973639845
"242",1.04330507500025e-06,0.000501846139946596,1.10759135972672e-05,0.00202886991281937,0.975918318236823,0.0215388464917388
"243",7.03407873380176e-09,3.71911251797309e-06,3.08292933252202e-07,0.00174350124794355,0.921837466101825,0.0764149982107009
"244",7.69725126813954e-11,9.5947308817368e-07,2.21681016731153e-09,8.00323248641964e-05,0.997614073078452,0.0023049328298128
"245",6.30413186934656e-11,8.32232583505142e-08,1.03423754004517e-08,0.000673312024805307,0.88886498176454,0.11046161258198
"246",4.70406923702456e-10,1.23012542903306e-06,5.51911602909164e-08,0.000365850891502356,0.956708887975737,0.0429239753457646
"247",8.9934044625356e-11,2.61401587990244e-08,9.47926806812229e-09,0.0025185004468736,0.732025362485796,0.26545610135797
"248",4.4305643857422e-09,6.03803837659081e-07,2.83403918954962e-07,0.00496901078714659,0.677184106003208,0.317845991571324
"249",2.20976477592826e-10,3.63049246599501e-08,1.43384422507823e-08,0.00434442777853144,0.713759785241952,0.281895736115173
"250",2.98698336201056e-09,4.28744911188026e-07,2.18872542340586e-07,0.00459108676378132,0.658994325789948,0.336413936841834
"251",2.03911307211395e-09,6.76973418387371e-08,2.61403802043906e-08,0.0212680453433749,0.706086462561678,0.272645396218112
"252",4.12363331066096e-09,2.42393755145885e-07,4.54969789246443e-08,0.014121332944957,0.830074514953607,0.155803860087068
"253",4.78012114398350e-09,5.49084993456691e-09,4.26797093009606e-09,0.328780531048463,0.377665022081407,0.293554432331188
"254",2.68033525736388e-08,3.25714177545257e-08,1.84158938968405e-08,0.344557419011889,0.418705966137048,0.236736537060398
"255",3.10466100964894e-08,1.07490374360113e-08,2.36435472480901e-08,0.474434445119924,0.164259917449215,0.361305571991666
"256",4.5227400109235e-05,0.00259360111846632,0.00114576907892299,0.0119051580620409,0.682710728245526,0.301599516094934
"257",4.06819510917102e-06,0.000228329723401787,1.25840495704146e-05,0.0166020320049665,0.931798321829767,0.0513546641971851
"258",0.000128475414686435,0.00798417286333076,0.00339563206543361,0.0110352615514145,0.685792188595785,0.29166426950935
"259",0.0235553323555044,0.419555296795843,0.121532779172177,0.0181618505749441,0.323489411795619,0.0937053293059125
"260",0.00450535305956558,0.544483774821072,0.0182307642345261,0.00343751552137419,0.415432797904704,0.0139097944587588
"261",0.100707337353011,0.683605023342277,0.186312951709988,0.00304777398181632,0.0206883992640804,0.00563851434882686
"262",0.488621816542413,0.258472734398868,0.232920549010027,0.00996419153714589,0.00527088997152177,0.00474981854002343
"263",0.0607349798287826,0.830801241896341,0.107073639537889,8.45475810176425e-05,0.00115653673561444,0.000149054420355522
"264",0.00820570956021721,0.958084655756218,0.033661138557406,3.97964425784582e-07,4.64656477399072e-05,1.6325139927203e-06
"265",0.109589420225073,0.800505925950299,0.0883903165245524,0.000166207040261061,0.00121407450089966,0.000134055758914609
"266",0.000151565679408681,0.00803742346510793,0.00326492510625932,0.0130810878999922,0.693681071115332,0.2817839267339
"267",0.000217651106734276,0.00929612799239439,0.00371945335296368,0.0162296611824006,0.693187413050864,0.277349693314643
"268",0.00637575288717296,0.00139938856006486,0.000645186220495598,0.750810088182261,0.164792310300694,0.0759772738493118
"269",0.000430729771255835,0.0208995269324191,0.00807691695050192,0.0142163688013965,0.689795325221475,0.266581132322951
"270",9.2577851864504e-05,0.00287321333607268,0.00031371464509008,0.0281366300160315,0.873238457860578,0.0953454062903634
"271",0.0127768735901347,0.497445154776562,0.191342248492514,0.00543510500052938,0.211606276695324,0.0813943414449356
"272",0.337178142669245,0.396061644041553,0.223229855452617,0.0153454794151844,0.0180253552548503,0.0101595231665506
"273",0.00936414125297935,0.515320574030676,0.18603926156492,0.00381135522386801,0.209743713677277,0.0757209542502795
"274",0.0032148297449356,0.277286340601115,0.0133020008987086,0.0077272908976541,0.666496326639449,0.0319732112181378
"275",0.00952904596088309,0.646216866824018,0.225956653208223,0.00127850561990408,0.0867024778034281,0.0303164505835437
"276",8.35564575420279e-05,0.810343263321613,0.000889474569928546,1.9432300509559e-05,0.188457412771979,0.000206860578427088
"277",0.011081920849823,0.720300259839306,0.257647326537087,0.000122922654697726,0.00798969973877081,0.00285787038031557
"278",0.00457518640856217,0.74758929241986,0.247459287616175,1.72198651823176e-06,0.00028137403982322,9.31375290608554e-05
"279",0.0125922113519124,0.894042767267329,0.0919686092617521,1.76085052670603e-05,0.00125019794668655,0.000128605667053375
"280",0.00422014370589774,0.744433274061354,0.251317821488154,1.21377966195297e-07,2.14110710607784e-05,7.22829556686285e-06
"281",0.000728538341040846,0.992340912503655,0.00692438306473679,4.49226109202393e-09,6.11890166946446e-06,4.26966363685758e-08
"282",0.00484168602900209,0.718710151827415,0.276447656870364,2.44637552285652e-09,3.63145175653092e-07,1.39681668135364e-07
"283",0.00955888802158396,0.889378313389705,0.101033106774311,2.83829156409061e-07,2.6408039915095e-05,2.9999453284094e-06
"284",0.0104804334330127,0.680456077669867,0.309063416990052,7.53617303129297e-10,4.89296055768273e-08,2.22238460171218e-08
"285",0.012513213683452,0.691209477189127,0.296277256890235,6.53655098178663e-10,3.61068395460694e-08,1.54766908277767e-08
"286",0.0112006396062259,0.726071996042278,0.262725690153789,1.87521165342881e-08,1.21559010563109e-06,4.39855484286506e-07
"287",0.00817777842430481,0.901831725599616,0.0899691616178117,1.7447137696904e-07,1.92404116125348e-05,1.91947527773035e-06
"288",0.207236274501134,0.508145264238701,0.284615851711504,5.40794553870389e-07,1.32603325424968e-06,7.42720852907056e-07
"289",0.259475866204216,0.581094457562804,0.159418766098008,2.83094760821046e-06,6.33988813235936e-06,1.73929923114247e-06
"290",0.444993610609504,0.234363955095895,0.320630345737141,5.37939586016937e-06,2.83315638642307e-06,3.87600521306499e-06
"291",0.102063490241462,0.268767967560278,0.629167773761073,7.84294415764873e-08,2.06531459580017e-07,4.83476285567555e-07
"292",0.0788815435880047,0.613916346550733,0.307191377088988,8.46626730562653e-07,6.58909506175351e-06,3.29705048116527e-06
"293",0.178364846055136,0.0296317909298658,0.792003310368625,9.39026269081966e-09,1.56000639691565e-09,4.16961038054618e-08
"294",0.168637045347461,0.0212657293632827,0.810096963266395,4.41867726151879e-08,5.57210870206723e-09,2.12263979354909e-07
"295",0.0748213734029844,0.0739040791466607,0.851268764284537,4.32706911548754e-07,4.27402016081286e-07,4.92305689054345e-06
"296",0.203350083789445,0.0185656421891231,0.778081233022794,6.18389208261743e-07,5.64582642911039e-08,2.36615116495595e-06
"297",0.202037497007303,0.00853476391985398,0.789427568381073,3.44861438072649e-08,1.45681420657523e-09,1.34748811739759e-07
"298",0.31292895273663,0.00992720838438525,0.677136995334411,2.14155789201672e-06,6.79377579969966e-08,4.63404892277693e-06
"299",0.208612973435486,0.00592863893868013,0.785457840508294,1.14135879275245e-07,3.24366412609987e-09,4.29737996557407e-07
"300",0.945149139103716,0.00549688557608394,0.0493510654685888,2.75025174842267e-06,1.59951678957677e-08,1.43604695254993e-07
"301",0.0925749470142422,0.00669523061667718,0.900728127707054,1.56883513166298e-07,1.13461723120541e-08,1.52643234092961e-06
"302",0.0369302126380828,0.0416414120905736,0.921425988299554,8.81515861509649e-08,9.93971131800283e-08,2.19942308985153e-06
"303",4.32781294369462e-08,2.33739139790888e-09,1.15572115088455e-07,0.268495298743867,0.0145010565342764,0.717003483534221
"304",1.15002470713639e-05,4.34775839799601e-07,6.70803800350769e-06,0.616853247661023,0.0233206197328356,0.359807489545227
"305",0.00215841666384659,0.000229818240269761,0.000729323710019204,0.690183550560107,0.0734875576665454,0.233211333159212
"306",2.75334285630722e-05,9.86061149974721e-07,1.23746776013478e-05,0.673257445120943,0.0241115271584951,0.302590133553247
"307",0.0759797757974031,8.72071194638191e-05,0.000176828485134535,0.920557181107778,0.00105658564037098,0.00214242184984928
"308",1.24901305041418e-06,3.64235446143665e-08,2.76150898308664e-07,0.799834210571068,0.0233246538482295,0.176839573993209
"309",3.66910882522656e-05,2.19881145166725e-06,7.60735072381177e-06,0.789065630333581,0.0472868651964112,0.16360100721958
"310",0.00190306168692808,6.59103958762306e-05,0.000117537022001923,0.910176201492137,0.0315229265396575,0.0562143628633994
"311",7.68493042299162e-05,3.232401292913e-05,2.48307421678949e-05,0.573408048212348,0.241184345776651,0.185273601951675
"312",1.83354693234916e-06,5.09404029747599e-08,2.91674416240886e-07,0.842558206409067,0.0234083206744967,0.134031296754685
"313",3.12794218461288e-05,3.55410470330151e-06,5.66996366835328e-06,0.772233571778438,0.0877445556061245,0.13998136912522
"314",4.10242580513085e-05,9.42601954264066e-06,1.00332511641881e-05,0.678230546426211,0.155834978832126,0.165873991212905
"315",5.15220113007831e-06,1.32356218356487e-07,5.48668979527036e-07,0.883245529395262,0.0226899212976286,0.0940587160807811
"316",2.70718583964096e-05,3.48056319428439e-06,4.50302188195078e-06,0.772231262786119,0.0992839010670059,0.128449780703403
"317",2.91510093587174e-05,1.59502287814612e-06,2.26080321109218e-06,0.883151831447501,0.048322422002659,0.0684927397143922
"318",9.65994073602619e-06,1.41972421052687e-07,5.18442665041434e-07,0.935998836522282,0.0137564012611357,0.0502344418607599
"319",6.84323933468463e-06,8.39724774922073e-08,2.90755740935367e-07,0.948077126982172,0.0116337280215929,0.0402819270286825
"320",5.2914680501045e-06,7.67820659265698e-08,2.07692134258796e-07,0.948976568921451,0.0137701637405253,0.0372476913957731
"321",1.13604871737601e-05,3.26143046879452e-06,1.98862393091966e-06,0.683921016040628,0.196343766411342,0.119718607006457
"322",1.19638453558889e-05,6.55567399789737e-08,2.44834974381526e-07,0.974699970380452,0.00534093768474633,0.0199468176977318
"323",0.000456056302240201,8.2238477195765e-07,3.85405907907813e-06,0.989393929637093,0.00178412730446675,0.00836121031234923
"324",1.38692354799944e-05,3.85082695693105e-08,1.76939736236323e-07,0.984689513980561,0.00273401438032633,0.0125623869556265
