"","(1,R1)","(2,R1)","(3,R1)","(4,R1)"
"1",1.39069465786428e-05,8.14943073992973e-05,0.145759298318193,0.85414530042783
"2",8.23562288158866e-06,3.51417306117963e-05,0.189851730888091,0.810104891758416
"3",0.00406821040341105,0.00242743227025668,0.622230157255097,0.371274200071235
"4",0.000416021472311945,0.000129293981265511,0.762484552099741,0.236970132446682
"5",0.000289465382161317,7.52186296267956e-05,0.793453536242766,0.206181779745446
"6",0.00188023841573673,0.000180857080073458,0.910371726405347,0.0875671780988424
"7",1.4275682362147e-06,4.7495830576796e-06,0.231103197896539,0.768890624952167
"8",0.000241356864464596,0.00012535174489066,0.657929349541768,0.341703941848876
"9",0.00113736663792315,0.000380488768211917,0.748187393366219,0.250294751227646
"10",0.00256779128440092,0.000254239396335339,0.907341268857706,0.0898367004615575
"11",7.51563169119506e-08,2.42649218372025e-07,0.236485160523403,0.763514521671062
"12",4.3260334590723e-08,8.60922289736498e-08,0.334437353252448,0.665562517394989
"13",6.96540901842277e-08,7.78479777994933e-08,0.472224429543542,0.52777542295439
"14",9.5349055499118e-07,8.18553937788266e-07,0.538072756778216,0.461925471177291
"15",4.93252285922497e-05,2.46053003292735e-05,0.667134168678345,0.332791900792734
"16",8.46897082099179e-05,6.39480929507103e-06,0.92970788678844,0.0702010286940547
"17",4.96897598817734e-05,2.25872809342776e-06,0.956470159393264,0.0434778921187611
"18",4.19091413283046e-05,2.04194920475831e-05,0.672347955009255,0.327589716357369
"19",0.0002117680539603,8.71950373382238e-05,0.708130031064123,0.291571005844579
"20",0.00246535714006362,0.000891344836594305,0.731992797681961,0.264650500341381
"21",0.000601093785102079,0.000217919496634312,0.733323249697704,0.26585773702056
"22",0.00167275191744825,0.000289855120259137,0.850638426688264,0.147398966274028
"23",0.0022411666687062,0.000223905219898163,0.9069277216979,0.0906072064134955
"24",0.0168670930597848,0.00156332645152353,0.898309745396642,0.0832598350920495
"25",0.0236023902781491,0.00170026552952024,0.909200492453043,0.0654968517392877
"26",0.0400153681636473,0.00248198025157346,0.901581452717429,0.0559211988673506
"27",0.0398935947082815,0.00150214882597778,0.923818886389332,0.0347853700764087
"28",5.8169002243483e-07,4.1288299061035e-07,0.58486349043457,0.415135514992417
"29",7.29177395142061e-06,2.63978591105564e-06,0.734194993908345,0.265795074531793
"30",3.74538093605602e-05,1.28943831325607e-06,0.966680919309176,0.03328033744315
"31",1.44246941045895e-06,3.57640037841453e-07,0.801321728086067,0.198676471804484
"32",9.91666759931878e-05,1.5770349738503e-05,0.86269222158111,0.137192841393159
"33",1.40019115989628e-06,2.4863035784961e-08,0.982551518946715,0.0174470559990891
"34",3.34419612400159e-06,6.72021063301012e-07,0.832669782788734,0.167326200994079
"35",7.03159537710634e-05,5.07304488696264e-06,0.932638103347902,0.0672865076534402
"36",1.24384569409685e-05,1.69724043349425e-06,0.879919878390727,0.120065985911899
"37",2.31194774722265e-05,6.54377112817734e-07,0.972451806265979,0.0275244198794359
"38",1.23986586234205e-05,8.40806203419947e-07,0.936480034047918,0.0635067264872551
"39",1.0282458041191e-06,3.82163368824189e-08,0.964164284883333,0.0358346486545256
"40",1.33773829400307e-05,3.34335185079498e-07,0.975603450353095,0.0243828379287802
"41",7.38609374762521e-07,2.45523542480458e-08,0.967827372635305,0.032171864202966
"42",1.32380588652622e-05,3.73780282138782e-07,0.972526822245171,0.0274595659156811
"43",1.24247711447627e-05,4.16856167877544e-07,0.967526255667959,0.0324609027047281
"44",2.253758811871e-06,7.90539149541653e-07,0.740319107828667,0.259677847873372
"45",2.30951541618776e-05,4.98004204260384e-06,0.822594634519659,0.177377290284136
"46",6.14082441734981e-05,1.07383095540941e-05,0.851098363092384,0.148829490353888
"47",7.86408492608341e-06,1.63362219128707e-06,0.827990391588876,0.172000110704007
"48",1.13027878058762e-05,1.6474105909228e-06,0.872777473071411,0.127209576730192
"49",4.88548279076804e-05,4.66134796328459e-06,0.912849481284079,0.0870970025400499
"50",2.98115157866035e-05,3.29511507332233e-06,0.900439822882713,0.0995270704864269
"51",3.11421963762575e-05,1.62959619903361e-06,0.950243283735934,0.0497239444714909
"52",0.000182072670064362,3.12371202821648e-05,0.85337776520039,0.146408925009264
"53",0.00889313454877945,0.00134433932919935,0.859791333394912,0.12997119272711
"54",0.0358036077940115,0.00434310847619694,0.856015477807771,0.10383780592202
"55",0.0275454964193202,0.00320987970493765,0.868086418730438,0.101158205145304
"56",1.1082494455616e-05,6.59962683667244e-07,0.943785801254909,0.056202456287952
"57",6.73222091996288e-06,6.86350828576288e-08,0.989901143665709,0.0100920554782882
"58",1.12661251925116e-06,4.71811345457019e-08,0.95980344858425,0.0401953776220967
"59",1.16907636365788e-05,4.69328662144118e-07,0.961392495108093,0.038595344799608
"60",1.05010488194443e-05,2.35006553946044e-07,0.978100029702678,0.0218892342419482
"61",2.20779063666676e-06,6.38999991499397e-08,0.971868962454793,0.0281287658545713
"62",1.2401929934309e-05,3.83408342284698e-07,0.969999471515244,0.0299877431464793
"63",2.78122592718439e-06,4.08661550632988e-08,0.985516417342976,0.0144807605649416
"64",1.64595681400229e-06,1.73796100568954e-08,0.989549710097494,0.0104486265660822
"65",1.2437285967216e-06,4.95923524187786e-09,0.996027198997493,0.00397155231467508
"66",5.51410490604699e-06,7.67687296512183e-06,0.418015421105593,0.581971387916536
"67",0.0115972088543557,0.00705524981283699,0.610155079210152,0.371192462122656
"68",6.99890788158649e-07,8.65041548664334e-07,0.447233197505389,0.552765237562274
"69",3.80946062198614e-05,1.20157518195523e-06,0.969384502218934,0.030576201599664
"70",1.24985834564334e-08,1.40553409045672e-08,0.47068685421517,0.529313119230905
"71",4.11160252013633e-07,3.43959586464107e-07,0.544496278057314,0.455502966822847
"72",0.000169478893023173,2.56062349065076e-05,0.868573796526016,0.131231118346054
"73",2.03469423895302e-06,1.49720931156374e-06,0.576087943373061,0.423908524723388
"74",4.12514979954277e-07,2.34138961256806e-07,0.63792190368045,0.362077449665609
"75",3.81720099410001e-05,1.59411428444616e-05,0.705372767403214,0.294573119444001
"76",9.46407055054639e-05,8.53775816312461e-06,0.917157876345455,0.0827389451908763
"77",8.1496189533909e-06,3.57326936837974e-06,0.695180504379925,0.304807772731754
"78",0.0474307135976954,0.00548259941095337,0.848954541847239,0.0981321451441121
"79",8.93238676583357e-07,3.57035464434838e-07,0.714433363440361,0.285565386285498
"80",4.12493058539241e-06,1.51142617203293e-06,0.731839291467467,0.268155072175776
"81",0.000121777486760015,2.35980863583887e-05,0.837553246919378,0.162301377507504
"82",0.000114884257006225,1.38116611799581e-05,0.892564997322634,0.10730630675918
"83",2.01918278446233e-05,2.57173936524209e-06,0.88700369412411,0.11297354230868
"84",2.03236543582956e-05,6.01382595726289e-07,0.971239818105597,0.0287392568574492
"85",4.74935117313117e-06,3.92402386600189e-07,0.923678410092063,0.0763164481543769
"86",2.33097879825829e-05,1.14221544668724e-06,0.953264139643668,0.046711408352903
"87",2.15003555292727e-05,1.49195185037715e-06,0.935089324941733,0.0648876827508877
"88",0.00230265386644367,0.00106595419770333,0.681259762002422,0.31537162993343
"89",0.00146230068008351,0.000397761607828702,0.784694533736918,0.213445403975169
"90",0.0312506969048182,0.00424235852029999,0.849222864204894,0.115284080369988
"91",0.000220526114661153,4.21858440542525e-05,0.839201157387946,0.160536130653339
"92",8.96693217031483e-05,1.1246695951711e-05,0.888464237054432,0.111434846927913
"93",0.0603732603019141,0.0213344558878906,0.678519749039685,0.23977253477051
"94",0.000551092780730889,4.18745579762367e-05,0.928830248748909,0.0705767839123836
"95",0.692728936963587,0.200119346430605,0.0831351710236689,0.0240165455821397
"96",0.803890679945159,0.18129408170083,0.0120889324496429,0.00272630590436859
"97",0.861705324245255,0.135608894002746,0.00232058502036025,0.000365196731639117
"98",1.43947619078648e-07,1.53506259305385e-07,0.483932423550466,0.516067278995656
"99",0.000164234323568933,3.10497920734022e-05,0.840837723407236,0.158966992477121
"100",8.57649480480615e-09,8.86770583328882e-09,0.491653061847188,0.508346920708612
"101",4.79752459428497e-07,3.21395903111403e-07,0.598830500701056,0.401168698150581
"102",6.38083274388961e-06,1.94569060742828e-06,0.766319788525764,0.233671884950884
"103",9.09416980818864e-05,9.13313713532144e-06,0.908645983868686,0.0912539412960964
"104",5.66598690578568e-06,1.1545012848235e-06,0.830724737386113,0.169268442125696
"105",7.38935261066291e-05,7.0414751747599e-06,0.912924499464849,0.0869945655338695
"106",7.65739630067219e-06,8.63039228957729e-07,0.898701836272597,0.101289643291873
"107",0.000738366067584921,6.60282795672027e-05,0.917177169016707,0.0820184366361413
"108",3.42303759006269e-06,3.13642694509208e-07,0.916060390127217,0.0839358731924982
"109",2.85243436702986e-05,2.20496058271824e-06,0.928217147456668,0.0717521232390793
"110",3.01039385373923e-05,1.64436845802529e-06,0.948176001720494,0.0517922499725105
"111",2.09238697613878e-06,8.89868141601884e-07,0.701610242416881,0.298386775328001
"112",0.000116667869613629,1.42602833508689e-05,0.890966471791452,0.108902600055584
"113",3.0350125432472e-06,9.85893489493274e-07,0.754805089955915,0.245190889138052
"114",8.02114672420437e-05,6.70456465801283e-06,0.922781376764003,0.0771317072040971
"115",3.55168462030325e-06,7.63009034555277e-07,0.823156770787846,0.176838914518499
"116",7.80450191813728e-05,8.19642228526433e-06,0.904881541162653,0.0950322173958807
"117",7.49746316311889e-07,1.15754144254812e-07,0.866256809286038,0.133742325213501
"118",4.75573458242724e-05,6.35718378307617e-06,0.882040187286753,0.11790589818364
"119",2.82373450432588e-06,4.01716477091113e-07,0.875451343944512,0.124545430604507
"120",7.1132514633712e-06,7.61847138403498e-07,0.903251604267094,0.0967405206343039
"121",1.62861716195627e-05,4.93654400637075e-07,0.970564195411276,0.0294190247627038
"122",2.54539751049724e-05,2.52451881434703e-06,0.909743855923173,0.090228165582908
"123",1.42357957989534e-08,1.48315680973819e-08,0.489751854895626,0.51024811603701
"124",1.65016304784262e-06,9.34013788007581e-07,0.6385626403878,0.361434775435364
"125",1.09996194385151e-05,2.81069115205052e-06,0.796467788195036,0.203518401494373
"126",6.5610528163118e-05,8.37669848619996e-06,0.886716218369093,0.113209794404257
"127",5.90359194491939e-05,9.68297167227149e-06,0.859033980364004,0.140897300744875
"128",5.87275389481723e-07,2.67751521718319e-07,0.68684959461827,0.313149550354818
"129",9.46895155949878e-05,1.62855458691707e-05,0.853155710580552,0.146733314357983
"130",3.66488124169025e-07,1.6098604597778e-07,0.694797871816181,0.305201600709649
"131",1.04554659788395e-05,3.30596230898465e-06,0.759755592080865,0.240230646490847
"132",1.14271493292013e-05,1.60268093936463e-06,0.876987665983062,0.122999304186669
"133",3.02447962463057e-05,2.44109584686465e-06,0.92528628504157,0.0746810290663371
"134",2.87508261675861e-05,1.92110666363893e-06,0.937337222351657,0.0626321057155122
"135",3.76829246081128e-06,1.83689193408121e-06,0.672283206645419,0.327711188170187
"136",5.84672583741061e-06,5.00988612481118e-06,0.538534708813562,0.461454434574476
"137",1.70095456824511e-06,8.13794120380475e-07,0.676389771457235,0.323607713794077
"138",2.4451987871525e-05,1.56306488790846e-05,0.610014952946064,0.389944964417185
"139",2.23466562128987e-05,5.37259423717774e-06,0.806155881472502,0.193816399277048
"140",6.68347758733412e-06,1.58679652810817e-07,0.976801851134889,0.023191306707871
"141",0.000318437433707793,5.525254206338e-05,0.851824928335318,0.147801381688911
"142",1.02602719246188e-08,1.08186573968446e-08,0.486754879807668,0.513245099113403
"143",5.8683859205382e-07,6.38363787553767e-07,0.478972194981972,0.521026579815649
"144",5.83526704870489e-06,1.798374318217e-06,0.764408782636051,0.235583583722582
"145",8.05610008346515e-05,1.08464222846973e-05,0.881259248015164,0.118649344561716
"146",1.74264160792873e-06,3.36732472776409e-07,0.838058914216142,0.161939006409777
"147",5.57602643241573e-05,6.89363635413701e-06,0.889916990362434,0.110020355736888
"148",2.883642818312e-06,4.14642710644852e-07,0.874282496745098,0.125714204969373
"149",4.00548783870096e-05,2.82566910916641e-06,0.934063652416432,0.0658934670360715
"150",4.04810914319628e-06,4.14761277267214e-07,0.907059962675167,0.0929355744544122
"151",2.40802663787203e-05,1.65954178691946e-06,0.935502176330405,0.064472083861429
"152",2.36557327233079e-05,2.14627118485963e-06,0.916793999496752,0.0831801984993402
"153",7.66204430170183e-07,1.1109548838002e-06,0.408171531409236,0.59182659143145
"154",6.26784975271117e-06,4.01295736097245e-06,0.609658876472306,0.390330842720581
"155",5.68971441629136e-05,6.35146226611016e-06,0.899522514566075,0.100414236827496
"156",1.07627623730234e-05,4.29193382041221e-06,0.714899869424037,0.285085075879769
"157",8.23902180606396e-06,1.35539126728656e-07,0.983807136158292,0.0161844892807751
"158",3.4911943051507e-06,1.07917708430321e-06,0.763871915781723,0.236123513846887
"159",1.69508435265691e-05,1.9414788885216e-06,0.897217552894839,0.102763554782746
"160",7.75161275531413e-06,2.88096925618199e-06,0.729035555735635,0.270953811682354
"161",5.68016622609033e-06,2.67842562161438e-07,0.95496369333395,0.0450303586572621
"162",1.91559826248682e-07,5.40515611059647e-07,0.261666593700724,0.738332674223839
"163",8.0568978453289e-06,1.83646012699936e-05,0.304929138760991,0.695044439739893
"164",1.55285551314523e-06,6.68319746357398e-06,0.188542099976089,0.811449663970935
"165",2.00142509728433e-05,3.16610271692667e-05,0.387288031151376,0.612660293570482
"166",3.94913364336728e-07,1.19399130848747e-06,0.248544008719604,0.751454402375723
"167",3.46478749002847e-06,2.42058112807895e-08,0.993058771453633,0.00693773955306613
"168",1.56284438987112e-07,5.929170511315e-07,0.208601189346053,0.791398061452457
"169",1.51233629851137e-06,3.83596627222277e-06,0.282767885712881,0.717226765984548
"170",3.86112442743712e-07,9.09682194196195e-07,0.297973098062132,0.702025606143231
"171",1.95478336305996e-05,8.88297956684248e-06,0.687538472221818,0.312433096964985
"172",7.30680561522026e-07,1.99766672298759e-06,0.267809956643049,0.732187315009667
"173",5.59366985242361e-07,2.17656238047375e-06,0.204451716430695,0.79554554763994
"174",6.25522091907106e-08,1.57397629623239e-06,0.0382224364653307,0.961775927006164
"175",9.66558161425703e-09,2.86183336879624e-06,0.00336603078269203,0.996631097718358
"176",1.89173437196397e-08,9.66006184920914e-07,0.0192068973249259,0.980792117751546
"177",2.54224481717174e-07,2.78001553484721e-06,0.0837849705202068,0.916211995239777
"178",1.44118095270903e-08,2.99136053905133e-06,0.00479469651628399,0.995202297711367
"179",1.06677454091484e-06,4.78590906757828e-06,0.182269941240789,0.817724206075603
"180",1.03669236563027e-07,7.88975543845175e-07,0.116137064035502,0.883862043319717
"181",1.16980603084385e-06,3.26866486879507e-06,0.263559425113949,0.736436136415151
"182",3.04999260230039e-06,7.38274183551714e-06,0.292345290749638,0.707644276515924
"183",2.80383832665736e-08,3.86693565856834e-07,0.0676060084047615,0.932393576863289
"184",1.27337685386448e-06,1.64710067708467e-05,0.0717609743740993,0.928221281242276
"185",2.69716331153338e-05,0.000191769987820094,0.123276645666566,0.876504612712499
"186",1.65786030882008e-08,1.95573619212213e-07,0.0781448310616212,0.921854956786156
"187",5.41436412666838e-08,3.54362757103102e-07,0.132540443343676,0.867459148149925
"188",4.30344329278685e-06,3.76084450337836e-06,0.533637774017441,0.466354161694762
"189",8.72677331719716e-08,5.88883301552039e-07,0.129065356235718,0.870933967613248
"190",8.55733222814045e-07,3.40502911828257e-06,0.200839546595765,0.799156192641894
"191",7.48333588783975e-07,3.91999126198149e-06,0.160299490554301,0.839695841120849
"192",2.45582870607482e-08,1.47091701831295e-07,0.143071858051585,0.856927970298426
"193",2.65663027419137e-07,1.20399446538866e-06,0.180765000202821,0.819233530139687
"194",3.89630268049739e-06,2.36912898479478e-06,0.621869086860036,0.378124647708298
"195",2.23380033859042e-07,7.80330836963744e-07,0.222553940724941,0.777445055564188
"196",4.08411294866927e-06,8.32728560561403e-07,0.830633417828476,0.169361665330015
"197",1.44988382954712e-06,4.26781064960361e-06,0.253576952186104,0.746417330119417
"198",1.04584421794647e-07,9.92114529441028e-08,0.513182127041788,0.486817669162337
"199",9.73046578877891e-06,6.22844593859145e-06,0.609710152381276,0.390273888706997
"200",4.84758337328249e-05,2.78406631650749e-05,0.63514621605154,0.364777467451562
"201",3.5149961509099e-06,8.55043350362302e-07,0.804336159710821,0.195659470249678
"202",4.83610668294025e-05,7.93557546545101e-06,0.858991625298815,0.14095207805889
"203",2.7506173620136e-06,5.32689745411439e-07,0.83775542186465,0.162241294828243
"204",6.08509034994049e-07,1.08095067826515e-07,0.849155895896882,0.150843387499015
"205",6.68290824383897e-05,1.4336412965048e-05,0.82330130421376,0.176617530290837
"206",2.92178575291262e-05,4.57112685141992e-06,0.864686252724897,0.135279958290722
"207",3.16251083616578e-06,4.15753823711581e-07,0.883808164143288,0.116188257592052
"208",1.76048503406494e-05,1.86077884205818e-06,0.904389346263717,0.0955911881070999
"209",7.33449152545959e-05,9.26161495781513e-06,0.887809429800011,0.112107963669777
"210",3.95830412815964e-06,3.516650092009e-06,0.529538298620936,0.470454226424843
"211",1.42971786762445e-06,8.74781707304669e-07,0.620401317663167,0.379596377837258
"212",9.05087355338416e-07,5.22148759555643e-07,0.634152999717386,0.365845573046499
"213",1.6867095783939e-05,7.52210762625829e-06,0.69156356299267,0.30841204780392
"214",0.00111696001444495,0.000141470787231298,0.886464632042221,0.112276937156103
"215",1.77855746298991e-05,7.37547574241801e-06,0.706851536918651,0.293123302030977
"216",1.81376118221767e-05,2.60824218656926e-06,0.874258323339379,0.125720930806613
"217",4.49296915119128e-06,2.46882614705795e-06,0.645370580371656,0.354622457833046
"218",2.61036586918312e-05,1.71334507408161e-05,0.603706639680551,0.396250123210016
"219",8.1665977159545e-06,3.75557279981868e-06,0.684984360991953,0.315003716837531
"220",2.68237092693233e-05,1.38392468147465e-05,0.659632774423879,0.340326562620037
"221",2.43204031673925e-05,3.14973969339992e-06,0.885315202242873,0.114657327614266
"222",8.63442324240312e-07,1.21213697603482e-07,0.876896555641645,0.123102459702333
"223",9.44943980744392e-06,9.06432627175188e-07,0.912462181231788,0.0875274628957776
"224",1.11638717505419e-05,1.97855444417905e-07,0.98257463131389,0.0174140069589149
"225",1.61248126301766e-05,1.06551229304234e-06,0.938000620199376,0.0619821894757006
"226",2.11397008821476e-06,9.24522371630271e-09,0.995643535501093,0.00435434128359486
"227",1.23164217807492e-05,3.37749486749638e-07,0.973296920539701,0.0266904252890315
"228",8.19253577595981e-07,9.73374102438454e-08,0.893804147699845,0.106194935709167
"229",4.5462388584291e-05,2.82582023218469e-06,0.941434656641622,0.0585170551495613
"230",7.4691148645625e-07,6.2774517922771e-08,0.92246979403492,0.0775293962790755
"231",1.36451185523479e-05,8.89817759155685e-07,0.938767114556917,0.0612183505067714
"232",2.1688212031008e-06,8.87613693820319e-09,0.995921903466067,0.00407591883659298
"233",1.97127516035e-05,8.1972298481973e-07,0.96005704364258,0.0399224238828319
"234",5.61619416324298e-06,4.03087863637581e-07,0.933028280234432,0.0669657004835415
"235",2.1035103160671e-05,7.15533802513289e-07,0.967081822448808,0.0328964269142288
"236",1.29930564308538e-05,4.88080994202174e-07,0.963782272965038,0.036204245897537
"237",5.68430498560244e-06,1.05406351567271e-07,0.981788511393414,0.0182056988952491
"238",0.000723023945555149,0.000565869768936379,0.560241730111286,0.438469376174222
"239",0.0111166545107546,0.00547796133648422,0.658778606282782,0.324626777869979
"240",0.793453228000531,0.133799922858974,0.0622496911699784,0.0104971579705168
"241",0.0001798790518767,1.02741919120195e-05,0.945789005268418,0.0540208414877933
"242",0.000411806090856399,1.28952976458067e-05,0.969224983439584,0.0303503151719138
"243",2.63901178871273e-06,1.10873466638052e-07,0.959678054419942,0.0403191956948026
"244",7.24863517599721e-07,2.2582771645484e-09,0.996893499486778,0.00310577339142747
"245",6.49249983811062e-08,3.39603659382835e-09,0.950292892506424,0.049707039172541
"246",9.48632839813278e-07,2.55118227088088e-08,0.973810104601535,0.0261889212538024
"247",2.45020350825816e-08,2.31139556757232e-09,0.91379707226898,0.0862029009175896
"248",5.45268617161691e-07,1.30206535883804e-07,0.807236574710193,0.192762749814654
"249",3.49429226046894e-08,3.36040638021873e-09,0.912268520577597,0.0877314411190735
"250",3.95714797895644e-07,9.70108907087484e-08,0.803113399745057,0.196886107529255
"251",6.87675895567631e-08,3.6153064459869e-09,0.950052959701325,0.0499469679157793
"252",2.14087607216385e-07,6.86629288806824e-09,0.968924105035874,0.031075674010226
"253",1.04210002897079e-08,4.87274762609707e-10,0.955329795595747,0.0446701934959781
"254",5.81127134021083e-08,7.22428037725099e-10,0.987721089146465,0.0122788520183931
"255",4.58573275125754e-08,3.61088150411256e-09,0.92700597324285,0.0729939772889413
"256",0.00101958734865516,0.000751248667862338,0.574746513603067,0.423482650380415
"257",0.000132700179574458,1.31887462398639e-05,0.90946464474399,0.0903894663301956
"258",0.0037261495079711,0.00266913977503906,0.578913562798719,0.414691147918271
"259",0.374093131646892,0.156854012659435,0.330483841143193,0.13856901455048
"260",0.502772330012608,0.0308805400004143,0.439361327022422,0.0269858029645561
"261",0.739183848910393,0.229169925956671,0.0241568516634947,0.00748937346944179
"262",0.684940539400204,0.29380632536097,0.0148732368281748,0.00637989841065054
"263",0.894860606160696,0.103644046859907,0.00134013106534436,0.00015521591405268
"264",0.955760044347964,0.0441904395191028,4.73278849017763e-05,2.18824803117379e-06
"265",0.93001814901308,0.0684555863886151,0.00142162355031675,0.000104641047988225
"266",0.00373478416268528,0.00258007960058011,0.587692727609008,0.405992408627727
"267",0.00452637738576911,0.00307594027883241,0.590868025408679,0.401529656926719
"268",0.0049409475310831,0.000613941851457155,0.884536266293038,0.109908844324421
"269",0.01250628645465,0.00847813190200839,0.583473370550318,0.395542211093024
"270",0.00174886890389262,0.000351307181789077,0.830976022982948,0.16692380093137
"271",0.393863379558628,0.275728336110822,0.194350856582044,0.136057427748505
"272",0.616086341945433,0.335913310542031,0.0310634131365894,0.0169369343759462
"273",0.401052324750506,0.277432953833527,0.190047198569268,0.131467522846699
"274",0.256395473910724,0.0253244122611063,0.653712354807977,0.0645677590201931
"275",0.506307735970623,0.362268105096451,0.0766093934634716,0.0548147654694545
"276",0.808095200661171,0.00193694823206306,0.189513600131848,0.000454250974918489
"277",0.562819561416956,0.424972819426252,0.00695559815303087,0.00525202100376128
"278",0.578501007128462,0.421079603653704,0.000242718878576563,0.000176670339257673
"279",0.8097519608652,0.188974386112699,0.00103265828044784,0.000240994741653131
"280",0.572516449108331,0.427451591973071,1.82975913641327e-05,1.36613272335714e-05
"281",0.983239947443164,0.0167546423782469,5.31953249133288e-06,9.06460978762248e-08
"282",0.544589679419249,0.455409818652796,2.73344921695938e-07,2.28583034022899e-07
"283",0.796809740410756,0.203164322154731,2.06677365289714e-05,5.26969798363219e-06
"284",0.517676016897302,0.482323919241362,3.30594839916827e-08,3.08018516726625e-08
"285",0.550192818382602,0.449807135585308,2.53265264944942e-08,2.07055634973626e-08
"286",0.585475917686683,0.414522616394135,8.58261636237273e-07,6.07657545351293e-07
"287",0.823780875578757,0.176200471815111,1.53659468262261e-05,3.28665930580723e-06
"288",0.605625110873118,0.394372597961661,1.38759037025574e-06,9.03574850843635e-07
"289",0.896738866149272,0.103251577812161,8.56935307844529e-06,9.86685488472726e-07
"290",0.577678278921178,0.422311141812433,6.1114770546903e-06,4.46778933413715e-06
"291",0.239070187071476,0.760929137810118,1.61400792377991e-07,5.13717612766731e-07
"292",0.643916128871784,0.356074471019278,6.05293865656418e-06,3.34717028136034e-06
"293",0.125017071630563,0.874982881997908,5.79723308698732e-09,4.05742963573443e-08
"294",0.122987306781684,0.877012462586948,2.8364737294295e-08,2.02266630240627e-07
"295",0.18802078576438,0.811974143700436,9.5337084359089e-07,4.11716434013716e-06
"296",0.142278302380179,0.857719033385743,3.7906371169038e-07,2.28517036641266e-06
"297",0.111559867455419,0.888439982352556,1.67554048880433e-08,1.33436619839943e-07
"298",0.183488564351756,0.816505437444987,1.1006083059237e-06,4.89759495071888e-06
"299",0.118009657066137,0.881989862025889,5.67518124555312e-08,4.24156162146295e-07
"300",0.901622629894209,0.0983748162527879,2.30261754190643e-06,2.51235461572288e-07
"301",0.0809303997354053,0.919068112344733,1.2041812833572e-07,1.36750173313649e-06
"302",0.127123934428862,0.872873969859549,2.66415660896305e-07,1.82929592766376e-06
"303",1.92988495015839e-08,9.68091857100143e-08,0.166214570986941,0.833785312905024
"304",5.98955518093677e-06,8.25111330303158e-06,0.420589096109485,0.579396663222031
"305",0.00181135429054326,0.000938866944918077,0.656809947584254,0.340439831180285
"306",1.64931399863257e-05,1.76171774995605e-05,0.483507003618731,0.516458886063783
"307",0.0772088179956857,0.000342665431454383,0.918372627821836,0.00407588875102387
"308",7.25989780222419e-07,3.80227487906537e-07,0.656280640373584,0.343718253409148
"309",2.57481291304475e-05,9.46824289298423e-06,0.731115128998008,0.268849654629968
"310",0.00168062830833579,0.000154566130445944,0.91409607241633,0.0840687331448885
"311",9.07796247085016e-05,1.1488950994615e-05,0.887568250379121,0.112329481045176
"312",1.18054999232942e-06,4.31777561488947e-07,0.732201149884418,0.267797237788028
"313",2.57865901807582e-05,4.35357597684549e-06,0.855529887718961,0.144439972114882
"314",4.05187009124577e-05,4.93036095645422e-06,0.89147845322694,0.108476097711191
"315",3.54165937584412e-06,8.25674909688098e-07,0.810939506042896,0.189056126622819
"316",2.38875826992002e-05,2.42323583982691e-06,0.907875753158903,0.0920979360225581
"317",2.31133659007199e-05,1.64168528440343e-06,0.93365970263288,0.0663155423159352
"318",6.83841980060837e-06,8.84640266091869e-07,0.885447857199336,0.114544419740597
"319",4.87521714309957e-06,4.72974794185904e-07,0.911558733618861,0.0884359181892012
"320",3.8961130661221e-06,2.42464503716579e-07,0.941409669387403,0.0585861920350267
"321",1.2347481295028e-05,2.80869040641783e-07,0.977746501998162,0.0222408696515025
"322",8.85649407698092e-06,3.86689789954856e-07,0.958156014450652,0.0418347423654809
"323",0.000396649472973713,6.68920825957735e-06,0.983018756559684,0.0165779047590826
"324",1.04055641986056e-05,2.6257852634193e-07,0.975376263595384,0.0246130682618915
"325",8.65859079374352e-09,4.72082229631902e-08,0.154986291999533,0.845013652133654
"326",0.000389548079326403,0.000672867116792927,0.366273203685991,0.63266438111789
"327",8.59810326358355e-06,7.27429982077642e-08,0.99160202489575,0.00838930425798858
"328",0.00690442880387217,0.00618784433872357,0.520462265174471,0.466445461682933
"329",0.562243833124889,0.366497466463959,0.0431387781294977,0.0281199222816551
"330",5.3215628702963e-05,1.2952507791129e-05,0.804195347540588,0.195738484322918
"331",3.96728763570514e-05,6.96736675316279e-06,0.85057502617874,0.14937833357815
"332",1.53853925783808e-05,3.09843247591874e-06,0.8323552161027,0.167626300072246
"333",2.79692473190734e-05,2.96110720520865e-06,0.904237363279535,0.0957317063659405
"334",9.36621467854186e-09,5.26012855810581e-08,0.1511471990786,0.8488527389539
"335",0.00016008556832541,8.74400721861075e-05,0.646583290166768,0.353169184192721
"336",2.73183527432263e-07,1.66897943434541e-06,0.140659152831999,0.859338905005039
"337",0.0262215338051618,0.0120401151377067,0.659100048762156,0.302638302294976
"338",2.87062024196794e-07,1.83237660689249e-06,0.135442192840901,0.864555687720468
"339",0.0017080908622598,5.92908540105274e-05,0.964744626473955,0.0334879918097751
"340",1.96637438897649e-06,1.56552327718981e-05,0.111586855860988,0.888395522531851
"341",0.26298688601481,0.132563003621315,0.401877124582532,0.202572985781343
"342",0.913884082634419,0.0750046520638149,0.0102685045758065,0.000842760725959767
"343",0.390969474439321,0.00971365665452393,0.584787786346762,0.0145290825593934
"344",1.02643276422206e-07,9.29536974773309e-07,0.0994430675814208,0.900555900238328
"345",2.88664492493217e-05,5.31415725940279e-06,0.844498255734894,0.155467563658597
"346",1.79935023064266e-05,1.76717171834103e-06,0.910553289839239,0.0894269494867361
"347",2.13829841334361e-05,2.58850198363948e-06,0.891996075966999,0.107979952546884
"348",2.736720405801e-10,2.82715766789699e-09,0.0882576811565372,0.911742315742633
"349",8.36698360525864e-09,7.78760367386029e-08,0.0970163481091516,0.902983565647828
"350",0.000132835165717943,0.000332179796124493,0.285524996555732,0.714009988482425
"351",0.0424412633185721,0.00617197039756606,0.830598032244333,0.120788734039529
"352",0.000234148168006826,0.00041589679991722,0.359968883253944,0.639381071778132
"353",0.115200341896785,0.0637573510633365,0.528529133999264,0.292513173040614
"354",0.984205314659808,0.0144403727735238,0.0013347292664445,1.95833002241536e-05
"355",0.126251041888781,0.0548644141095236,0.570823877492825,0.24806066650887
"356",0.0742363359612101,0.0272056540037646,0.657574386470812,0.240983623564213
"357",0.613910560367714,0.179686703901232,0.159668921327252,0.0467338144038024
"358",0.996820212901483,0.00310380222261208,7.57490159558619e-05,2.35859948505797e-07
"359",2.32525000328076e-05,3.65237822400877e-05,0.388968821758675,0.610971401959052
"360",5.52871497061803e-06,5.37082345294059e-06,0.507237508170709,0.492751592290867
"361",1.61685904089461e-06,2.21886038276735e-06,0.42152531519977,0.578470849080807
"362",4.00097822430755e-05,3.76954564461513e-05,0.514851687585679,0.485070607175631
"363",3.86460595948864e-06,2.05644545809654e-06,0.652685275706348,0.347308803242235
"364",5.1191720316845e-05,1.34004686434662e-05,0.7924861280522,0.20744927975884
"365",1.18263496255443e-05,3.5884771358995e-06,0.767194306328093,0.232790278845145
"366",7.90332580344006e-06,1.26665915033936e-07,0.984217993851335,0.0157739761569466
"367",3.61629919433877e-05,4.67233318967409e-06,0.885544931943647,0.11441423273122
"368",3.83890173729003e-06,3.83390374774639e-06,0.500321856149009,0.499670471045506
"369",2.63504679747202e-05,1.50016545543323e-05,0.637195304991363,0.362763342886108
"370",1.30768744080143e-05,1.43401389748926e-06,0.901163621112759,0.0988218679989354
"371",6.31644317681735e-05,4.14682230232841e-05,0.603614835462872,0.396280531882336
"372",0.000464420512700609,0.00025745061186695,0.642892124575348,0.356386004300085
"373",4.03139646208783e-06,3.82687523391147e-06,0.513009086251308,0.486983055476996
"374",0.00881228611941436,0.00351623031642534,0.705976566641209,0.281694916922951
"375",0.877502487491643,0.107370228747742,0.0134781164205847,0.00164916734003066
"376",5.01206214174161e-06,1.14316771870477e-08,0.997719345208097,0.00227563129808449
"377",2.3373227311511e-08,1.97998416363856e-07,0.105583631892878,0.894416146735479
"378",0.00209295021668988,0.000725312048646866,0.740545604907206,0.256636132827457
"379",7.99454224856518e-10,5.96685327779133e-09,0.118152215094321,0.881847778139372
"380",4.17823948176082e-09,3.08181824254185e-08,0.119390472163677,0.880609492839901
"381",1.07332605160619e-05,1.18387288016222e-05,0.475501653574299,0.524475774436384
"382",9.56633545175069e-05,2.96198561268844e-05,0.763481148138935,0.23639356865042
"383",9.91119871690384e-05,2.29458775946141e-05,0.811909088885052,0.187968853250184
"384",6.00065223193905e-09,4.45392213583204e-08,0.118731043478972,0.881268905981154
"385",2.27484412270723e-07,3.08594957553273e-07,0.424348152766464,0.575651311154166
"386",1.50386236157032e-06,1.66211863392145e-06,0.475005251930474,0.52499158208853
"387",6.8705529115271e-05,8.44130319020437e-06,0.890512632188295,0.109410220979399
"388",4.04420818012866e-06,2.79137422496125e-06,0.591636571098756,0.408356593318839
"389",3.75819501814336e-05,1.4517056545839e-05,0.721318784365346,0.278629116627927
"390",4.0524806646337e-05,2.45861276886964e-05,0.622355806319758,0.377579082745907
"391",7.90215953692609e-07,7.26021969438718e-07,0.521168045912785,0.478830437849292
"392",5.32789884513174e-06,3.59788357533242e-06,0.596905799232873,0.403085274984707
"393",4.01029445655668e-05,3.27098937938564e-06,0.924546184673777,0.0754104413922779
"394",5.7225705035479e-06,2.94465046014434e-06,0.660248645873575,0.339742686905461
"395",1.43557270888651e-05,1.59624202695458e-06,0.8999201278865,0.100063920144384
"396",1.52199402438662e-05,8.16470456188697e-06,0.650836668993376,0.349139946361818
"397",1.06868727957731e-05,3.64651264727913e-06,0.745582378926836,0.254403287687721
"398",5.99322114199688e-06,6.12107102947193e-07,0.90732531867608,0.0926680759956751
"399",7.99114154880598e-06,7.0182256554174e-07,0.919257456603325,0.0807338504325603
"400",5.05454467884163e-06,9.02514652204256e-08,0.982452663371979,0.0175421918318766
"401",1.11733967214877e-05,2.31428672114794e-06,0.828403636975214,0.171582875341343
"402",0.000385853200147015,2.33830334866832e-05,0.942475918156069,0.0571148456102972
"403",3.11859212528317e-06,7.93834390412759e-07,0.797096101743888,0.202899985829596
"404",2.86095499387603e-06,1.16409824890695e-06,0.710784008512086,0.289211966434671
"405",2.10550475708804e-07,1.61043354056496e-06,0.115624349482538,0.884373829533446
"406",4.46076198147183e-06,5.44991130650348e-06,0.45009230379226,0.549897785534452
"407",2.02905889243604e-05,9.93278485636516e-06,0.67133390936146,0.32863586726476
"408",2.67096394986076e-05,5.5719267680995e-06,0.827369311914574,0.17259840651916
"409",1.29777533905766e-05,6.17161385183829e-07,0.954590534268309,0.0453958708169153
"410",4.64974338767512e-06,2.96998420762403e-06,0.610219709266991,0.389772671005413
"411",2.23896424491506e-05,7.55962168859088e-06,0.747563338880865,0.252406711854998
"412",1.54573310091017e-06,1.23727386137293e-06,0.555416792006914,0.444580424986124
"413",1.29471279982562e-06,1.1512008851762e-06,0.529335781965217,0.470661772121098
"414",7.03696848683739e-07,7.50397276747441e-06,0.0857357941878123,0.914255998142572
"415",6.39974391725614e-07,3.02540098164001e-09,0.995294224789247,0.00470513221096048
"416",7.64413258887341e-06,6.05256254748998e-05,0.1121261349212,0.887805695320736
"417",0.658723496262133,0.0543168167555998,0.265100142087682,0.021859544894585
"418",1.27053125903265e-07,1.12969648154239e-06,0.101096483720042,0.898902259530351
"419",5.0430897341549e-08,3.31607884872883e-07,0.132004603780473,0.867995014180745
"420",8.41903437714841e-08,5.46016604837912e-07,0.13359149863377,0.866407871159282
"421",3.86380294037139e-06,1.93510798211986e-05,0.166432597671142,0.833544187446097
"422",9.01719813569838e-06,1.49794593333453e-05,0.375759905925045,0.624216097417486
"423",2.05141251411553e-06,2.87635809542173e-05,0.0665698437340376,0.933399341272494
"424",6.05124045213291e-07,2.82984694116678e-06,0.176165088156235,0.823831476872779
"425",4.64586830826501e-07,5.27877172516871e-10,0.998864595658656,0.001134939226636
"426",8.23406145220676e-07,2.85126229704045e-06,0.224075486649739,0.775920838681819
"427",7.8073892104496e-06,3.16962228972127e-05,0.197629542561764,0.802330953826128
"428",2.59880721257602e-05,1.58204131858635e-05,0.62157204237685,0.378386149137839
"429",1.75214731477292e-07,7.69023106913847e-07,0.185561898611748,0.814437157150413
"430",5.02482404466883e-05,3.45975522407122e-05,0.592179947920477,0.407735206286835
"431",3.0522467115022e-07,6.98049739302681e-07,0.304228196937997,0.695770799787593
"432",4.26370290127903e-05,1.63398442381273e-05,0.722902250730478,0.277038772396271
"433",1.930671172106e-07,4.00612145439207e-07,0.32520422176939,0.674795184551347
"434",3.55728189842556e-05,1.55435575156684e-05,0.695882671392016,0.304066212231484
"435",2.30332269000344e-07,4.50265191319486e-07,0.338426346946031,0.661572972456508
"436",1.06705407558722e-05,1.77408799489036e-05,0.375561563834646,0.624410024744649
"437",4.92426411443393e-07,7.25761727579486e-07,0.40422804639221,0.595770735419652
"438",1.62398287072965e-05,9.20085870821191e-06,0.638324558203222,0.361650001109363
"439",6.97964976154065e-06,9.32138380987537e-06,0.428165242127606,0.571818456838822
"440",4.14378282419555e-08,3.1214374520519e-07,0.117194494006903,0.882805152411523
"441",7.71503314779277e-06,3.35355802459731e-06,0.697012621849241,0.302976309559587
"442",4.3825982067746e-05,9.58015943101506e-06,0.820573070087136,0.179373523771365
"443",1.15344941411792e-05,1.85442340586886e-06,0.861484109246101,0.138502501836352
"444",1.98592163927018e-05,2.16379302498365e-06,0.901728671879179,0.0982493051114032
"445",0.00037782181076283,4.2505472366017e-05,0.898497473531445,0.101082199185426
"446",2.93064988426707e-08,2.05560516355255e-07,0.124779088007926,0.875220677125059
"447",2.56716276872584e-08,1.54083030719502e-07,0.142814785998883,0.857185034246459
"448",2.20212465425395e-07,8.13457331191529e-07,0.213039249593196,0.786959716737008
"449",7.37345226685909e-06,5.93666190055158e-06,0.553966256985308,0.446020432900525
"450",3.55233326338798e-05,1.28474935874265e-05,0.734360297639152,0.265591331534627
"451",2.54177339859942e-05,1.74461949204279e-06,0.93574526231944,0.0642275753270824
"452",1.98619779924497e-05,2.08954946557988e-05,0.487301276991189,0.512657965536163
"453",2.15330275763454e-05,1.70511461644921e-06,0.926602781330139,0.0733739805276681
"454",7.38358594401294e-06,7.73848956602032e-06,0.48825799632927,0.51172688159522
"455",3.67253411658612e-07,2.34929173571171e-06,0.135190984899937,0.864806298554916
"456",1.65156213167527e-07,1.03243835829145e-06,0.137906449572613,0.862092352832816
"457",0.00101648220624704,7.95961539570735e-05,0.926364481740299,0.0725394398994968
"458",1.86735201589626e-07,1.21276484010552e-06,0.133429749689411,0.866568850810547
"459",8.5808949400658e-08,7.17413969029171e-07,0.106830717236861,0.893168479540221
"460",6.87124120097762e-06,3.46385693214039e-05,0.165526074212085,0.834432415977392
"461",0.000354779848048775,0.000596309968287524,0.372669767313465,0.626379142870199
"462",0.00741007879123209,0.00325917548884983,0.687116323589647,0.302214422130271
"463",9.79920786652506e-08,7.76983111739436e-07,0.111994024515473,0.888005100509337
"464",6.84981152457051e-08,5.61042564037921e-07,0.108806427253122,0.891192943206198
"465",2.6400686055645e-05,0.000136048329924738,0.162490348931148,0.837347202052872
"466",0.00066893331543565,0.00316990671166643,0.173585088918626,0.822576071054272
"467",0.26262246268561,0.733448977135823,0.00103579734109107,0.00289276283747558
"468",9.84918939128004e-05,0.000355361255724577,0.216914200408639,0.782631946441723
"469",1.87304635857699e-07,1.21359462574379e-06,0.133702956805509,0.86629564229523
"470",3.82935078448795e-06,1.26611467002829e-05,0.232211771665764,0.767771737836751
"471",1.20048681066523e-07,5.45732143679463e-07,0.180312494259976,0.819686839959199
"472",2.07958082922612e-06,7.02646323112613e-06,0.228371604473767,0.771619289482172
"473",2.8563152852245e-07,6.99433089270292e-07,0.28996193954967,0.710037075385712
"474",1.41850022190722e-06,3.21984112232745e-06,0.305819157570656,0.694176204088
"475",8.75547502619717e-08,5.81234608934507e-08,0.601014639133241,0.398985215188547
"476",1.78476424563866e-06,3.77028919787545e-07,0.825592575594826,0.174405262612009
"477",1.95728973817896e-08,1.20144108953206e-08,0.619644339170172,0.38035562924252
"478",5.53238523691549e-07,3.65790899215211e-07,0.601980743444812,0.398018337525765
"479",1.09664316412205e-06,2.96903096198747e-07,0.786943115649867,0.213055490803872
