"","(1,R1)","(2,R1)","(3,R1)","(4,R1)"
"1",1.3912928488863e-05,8.1483926087988e-05,0.145828720464155,0.854075882681268
"2",8.23842926008852e-06,3.51356282088566e-05,0.189930857445896,0.810025768496635
"3",0.0040687501939502,0.00242740947577913,0.622262867378456,0.371240972951814
"4",0.000416110044902938,0.000129311645855521,0.762498258696646,0.236956319612596
"5",0.000289546308634278,7.52353933060625e-05,0.79346273647893,0.20617248181913
"6",0.00188103839880569,0.000180942933823118,0.910366986857352,0.0875710318100197
"7",1.42862052801449e-06,4.75064929653332e-06,0.231194257694891,0.768799563035285
"8",0.000241491893473278,0.000125404507593605,0.657960367735167,0.341672735863766
"9",0.00113791695075623,0.000380638161112373,0.748203968544598,0.250277476343533
"10",0.00256893876097645,0.000254363400140808,0.907336772485973,0.0898399253529092
"11",7.52243717245346e-08,2.42733365708916e-07,0.236585995401694,0.763413686640568
"12",4.32893663076023e-08,8.61124648261259e-08,0.334534375028607,0.665465495569562
"13",6.96988580370098e-08,7.78753581037328e-08,0.472296919976747,0.527702932449037
"14",9.54048984241443e-07,8.18830458129349e-07,0.538134331092365,0.461863896028193
"15",4.93529339225562e-05,2.46149106720802e-05,0.667172115976298,0.332753916179108
"16",8.4731928843104e-05,6.39827602511081e-06,0.929705000966376,0.0702038688287562
"17",4.97144624699948e-05,2.25999357908451e-06,0.956467510519155,0.0434805150247956
"18",4.19230428090547e-05,2.04226664651392e-05,0.672386754040305,0.32755090025042
"19",0.000211812311247373,8.72000140881719e-05,0.708161365983935,0.291539621690729
"20",0.00246565042782366,0.00089133890023554,0.732017002589469,0.264626008082471
"21",0.000601212782870407,0.000217942389770176,0.733341272048631,0.265839572778729
"22",0.0016735063174828,0.000289968780732066,0.850645078728135,0.14739144617365
"23",0.00224215677212235,0.000224010121768844,0.906924525205595,0.0906093079005138
"24",0.0168736063168793,0.0015639486160085,0.898302314693188,0.0832601303739245
"25",0.0236113895208608,0.0017009797979868,0.909189061651434,0.0654985690297183
"26",0.0400303098110067,0.00248310300275014,0.901562170340419,0.0559244168458242
"27",0.0399085643941405,0.00150284100944224,0.923800925906997,0.0347876686894201
"28",5.82027551961539e-07,4.13033750993059e-07,0.584915694219295,0.415083310719402
"29",7.29566703112166e-06,2.6408384690742e-06,0.734221355540162,0.265768707954338
"30",3.74723809191412e-05,1.29017941391954e-06,0.96667836365174,0.0332828737879269
"31",1.4432405286619e-06,3.57796939037215e-07,0.801336982275787,0.198661216686745
"32",9.92168041931295e-05,1.57780590191468e-05,0.862694141278062,0.137190863858726
"33",1.4008807781477e-06,2.48773830249403e-08,0.982550069836753,0.0174485044050863
"34",3.34592148112426e-06,6.72318323881593e-07,0.832680028763118,0.167315952997077
"35",7.0350743750372e-05,5.07587964852888e-06,0.932634052293296,0.0672905210833046
"36",1.24447022648846e-05,1.69804075203801e-06,0.879923098918502,0.120062758338481
"37",2.31308733213158e-05,6.54761165150668e-07,0.972449280340968,0.0275269340245455
"38",1.240479042754e-05,8.41252896599456e-07,0.936477845466691,0.0635089084899845
"39",1.02875712338074e-06,3.82383410109407e-08,0.964161573346587,0.0358373596579483
"40",1.3383927378009e-05,3.3453735620286e-07,0.975600698064715,0.0243855834705512
"41",7.38978109084048e-07,2.45668082961267e-08,0.967824587683198,0.032174648771885
"42",1.32445330758891e-05,3.74006130940324e-07,0.97252374161058,0.0274626398502134
"43",1.24308577558072e-05,4.1710535366711e-07,0.967522862471385,0.0324642895655059
"44",2.25486476727294e-06,7.90821973664277e-07,0.740344655066972,0.259652299246287
"45",2.31074642274592e-05,4.98237939868182e-06,0.822603908015306,0.177368002141068
"46",6.14399156583563e-05,1.07435384694449e-05,0.85110197974526,0.148825836800612
"47",7.86376754710018e-06,1.63342371948369e-06,0.828001947382521,0.171988555426213
"48",1.13083005905769e-05,1.64817755128204e-06,0.872779929160983,0.127207114360875
"49",4.88788560147002e-05,4.66394447133635e-06,0.912844275237547,0.0871021819619668
"50",2.98263793312245e-05,3.29683138980769e-06,0.900437811931036,0.0995290648582427
"51",3.11575428029597e-05,1.63053610468346e-06,0.950239301751981,0.0497279101691109
"52",0.000182043493455288,3.12302195038296e-05,0.853385378996085,0.146401347290956
"53",0.00889114447416199,0.0013439944244238,0.859797064084541,0.129967797016873
"54",0.0358031409399439,0.0043432269696357,0.85601205441178,0.103841577678641
"55",0.0275445876896934,0.00320985577508885,0.868084940486794,0.101160616048423
"56",1.10864074537966e-05,6.60221983532612e-07,0.943783685781876,0.0562045675886866
"57",6.73552292534862e-06,6.86766419041959e-08,0.989899991752576,0.0100932040478564
"58",1.12714322580978e-06,4.72064794548559e-08,0.95980089840059,0.0401979272497053
"59",1.16964985641642e-05,4.69603813396682e-07,0.961388939561936,0.0385988943356859
"60",1.0506193595411e-05,2.35149756856822e-07,0.978097468838487,0.0218917898181607
"61",2.208877527669e-06,6.39378508821239e-08,0.971866227298365,0.0281314998862566
"62",1.24080130982839e-05,3.83640349590289e-07,0.969996133013,0.0299910753335523
"63",2.78259034670064e-06,4.08914674193868e-08,0.985514578557548,0.0144825979606376
"64",1.64676616062102e-06,1.7390517132724e-08,0.98954830525146,0.0104500305918624
"65",1.24433421109169e-06,4.96233987033397e-09,0.99602664842951,0.00397210227393857
"66",5.51614757845048e-06,7.67668635405301e-06,0.418111440881663,0.581875366284405
"67",0.0115991097497685,0.00705479934369612,0.610206737574332,0.371139353332204
"68",7.00228900807381e-07,8.65123894261611e-07,0.447329066589907,0.552669368057298
"69",3.81135801209847e-05,1.20224511760034e-06,0.969382721152341,0.0305779630224206
"70",1.25064096438412e-08,1.40587293478919e-08,0.470782754628109,0.529217218806752
"71",4.11351886123594e-07,3.44010844084984e-07,0.544574889589964,0.455424355047305
"72",0.000169565191750713,2.5618354189399e-05,0.868577802492309,0.131227013961751
"73",2.03522424959556e-06,1.49716207455951e-06,0.576159251461282,0.423837216152394
"74",4.12746976104154e-07,2.34212487726601e-07,0.637979243134724,0.362020109905812
"75",3.81935252235483e-05,1.59469774425959e-05,0.705413794223533,0.294532065273801
"76",9.4688014124612e-05,8.54221958980722e-06,0.917156108749169,0.082740661017117
"77",8.15374335006233e-06,3.57432821801476e-06,0.695224928927819,0.304763343000613
"78",0.0474482946870761,0.00548476014187713,0.848934784664749,0.0981321605062975
"79",8.9375357459763e-07,3.57171053703223e-07,0.714473467352919,0.285525281722453
"80",4.12724295471941e-06,1.51199782872748e-06,0.731875058840798,0.268119301918419
"81",0.000121839976258678,2.36088600716725e-05,0.837560876040452,0.162293675123217
"82",0.000114941951117011,1.38185743133024e-05,0.892565099023233,0.107306140451337
"83",2.02019707813879e-05,2.57291561742847e-06,0.887008186563258,0.112969038550343
"84",2.03336618115e-05,6.01728597320923e-07,0.971237494084864,0.0287415705247268
"85",4.75176266778273e-06,3.92605246608898e-07,0.923677758286708,0.0763170973453777
"86",2.33212369208671e-05,1.14286054586264e-06,0.953260851726464,0.0467146841760691
"87",2.15109923029516e-05,1.49275826316096e-06,0.935086537633473,0.0648904586159613
"88",0.00230296916744563,0.00106586924478578,0.681306300747111,0.315324860840658
"89",0.00146251743987454,0.000397766698893845,0.784717082437169,0.213422633424062
"90",0.0312620657262459,0.0042439251322591,0.849210918419681,0.115283090721814
"91",0.000220575462723844,4.21919313959378e-05,0.839211818585737,0.160525414020143
"92",8.97063807274104e-05,1.12512504414365e-05,0.888465023844477,0.111434018524355
"93",0.0603767237186399,0.0213319261434523,0.678550229799056,0.239741120338852
"94",0.000551146022364627,4.18807496651347e-05,0.928826832105353,0.0705801411226168
"95",0.692720026923229,0.200087676863975,0.083169365590722,0.0240229306220743
"96",0.803897147901358,0.181276453351858,0.0120982734931447,0.00272812525363902
"97",0.86170760552216,0.135603799309895,0.00232302858782474,0.00036556658012047
"98",1.44047637912368e-07,1.53553414098612e-07,0.484029186289048,0.5159705161099
"99",0.000164318733963391,3.10639079173099e-05,0.840845570280245,0.158959047077875
"100",8.58241011768321e-09,8.87036141537878e-09,0.491750548137189,0.508249434410039
"101",4.80045727087015e-07,3.2149645362159e-07,0.598902158693297,0.401097039764523
"102",6.38428811332671e-06,1.94639419584583e-06,0.766351985457575,0.233639683860116
"103",9.09871472282679e-05,9.13778186413115e-06,0.908645209252986,0.0912546658179213
"104",5.66895276306533e-06,1.15495860840288e-06,0.830742629855464,0.169250546233164
"105",7.3930328691518e-05,7.04510273427955e-06,0.91292310333657,0.0869959212320038
"106",7.66126499690317e-06,8.63432012251919e-07,0.898706391407534,0.101285083895457
"107",0.000738692039637307,6.60585939452668e-05,0.917175514935027,0.0820197344313903
"108",3.42478924799848e-06,3.13797957628878e-07,0.916061671363506,0.0839345900492887
"109",2.85384795942055e-05,2.20612314737604e-06,0.928215024596526,0.0717542308007326
"110",3.01187460063484e-05,1.64528591220723e-06,0.948172744277623,0.0517954916904581
"111",2.09357693544267e-06,8.90173807012423e-07,0.701657366663377,0.298339649585881
"112",0.000116726624854965,1.42672545697425e-05,0.890967844407008,0.108901161713567
"113",3.03667162559647e-06,9.86247981613385e-07,0.754839694998717,0.245156282081675
"114",8.02514078347573e-05,6.7080684721533e-06,0.92277958219468,0.0771334583290135
"115",3.55353307679603e-06,7.6330701133953e-07,0.823175671141608,0.176820012018304
"116",7.80839849895011e-05,8.2005685066489e-06,0.904880936206095,0.095032779240409
"117",7.50142638249769e-07,1.15806056160471e-07,0.866266088865253,0.133733045186053
"118",4.75812081319309e-05,6.36025943087789e-06,0.882042029656235,0.117904028876202
"119",2.82517347022975e-06,4.01894553098012e-07,0.875458568824796,0.124538204107181
"120",7.11682753948972e-06,7.62220108029769e-07,0.903252751353391,0.0967393695989619
"121",1.62941666153234e-05,4.93936590992956e-07,0.970561883431964,0.0294213284648294
"122",2.5466588769333e-05,2.5258413966337e-06,0.909741517497356,0.0902304900724782
"123",1.42455777152651e-08,1.48359247898584e-08,0.489850113434563,0.510149857483934
"124",1.65114286476115e-06,9.34304196082318e-07,0.638627887928992,0.361369526623948
"125",1.10055779119574e-05,2.81177636359147e-06,0.796492991676672,0.203493190969053
"126",6.564364600858e-05,8.38060837077381e-06,0.886719999234965,0.113205976510655
"127",5.90662212432846e-05,9.68721201279716e-06,0.859043067970139,0.140888178596605
"128",5.87615982085459e-07,2.67840438466559e-07,0.686902880483861,0.313096264059718
"129",9.47381838133757e-05,1.62925359162514e-05,0.85316626961722,0.146722699663051
"130",3.66701265782708e-07,1.61041058821248e-07,0.694848707717579,0.305150764540096
"131",1.0461162097219e-05,3.30712907118368e-06,0.759790589619476,0.240195642089356
"132",1.14329926237415e-05,1.60336376319142e-06,0.876996857084613,0.122990106559
"133",3.02598372450657e-05,2.44230804489267e-06,0.925286320367583,0.0746809774871272
"134",2.87650590238034e-05,1.92208846070729e-06,0.937336268244334,0.0626330446081819
"135",3.77039945549689e-06,1.83758154676807e-06,0.672323659735222,0.327670732283776
"136",5.84978906835965e-06,5.01217926262977e-06,0.538551149283566,0.461437988748103
"137",1.70191867894499e-06,8.14116281391543e-07,0.676427165634636,0.323570318330404
"138",2.44652877761941e-05,1.56372747276976e-05,0.610043476725153,0.389916420712343
"139",2.23581774345926e-05,5.37482346678956e-06,0.806171587948255,0.193800679050843
"140",6.68676568122252e-06,1.58759288753099e-07,0.976801623853385,0.0231915306216447
"141",0.000318577712234743,5.527707200678e-05,0.85182435495365,0.147801790262109
"142",1.02671456619672e-08,1.08216283340823e-08,0.486853595537084,0.513146383374142
"143",5.87241078796109e-07,6.38561156220657e-07,0.47906615127574,0.520932622922025
"144",5.83841266308236e-06,1.79903121780216e-06,0.764440061830887,0.235552300725232
"145",8.06016924662424e-05,1.0851491942706e-05,0.88126314797751,0.118645398838081
"146",1.74355486027454e-06,3.3686855061434e-07,0.838075184030563,0.161922735546026
"147",5.57883017676071e-05,6.896890451257e-06,0.889919974599674,0.110017340208107
"148",2.88510409776024e-06,4.14818669812989e-07,0.874291545696158,0.125705154381074
"149",4.00746760995533e-05,2.82715575766919e-06,0.934061672608772,0.0658954255593708
"150",4.05014542867428e-06,4.14958680410731e-07,0.907062242090305,0.0929332928055858
"151",2.40921522547209e-05,1.66041484174087e-06,0.935500205851846,0.0644740415810576
"152",2.36673960636544e-05,2.14739519706141e-06,0.916791650792108,0.0831825344166313
"153",7.66740997647671e-07,1.11134121625904e-06,0.408256652433815,0.591741469483971
"154",6.27151372454195e-06,4.0144232080843e-06,0.609711031403928,0.390278682659139
"155",5.69256929314902e-05,6.35442894920569e-06,0.899525616812503,0.100411103065616
"156",1.07686318866533e-05,4.29355911972714e-06,0.714933815598366,0.285051122210628
"157",8.2430809525508e-06,1.35609857216254e-07,0.983806667828736,0.0161849534804542
"158",3.49304201969037e-06,1.07961345186657e-06,0.76389443047703,0.236100996867498
"159",1.69593161349461e-05,1.94234013361958e-06,0.897222726665787,0.102758371677945
"160",7.75564707466363e-06,2.88219520763288e-06,0.729054291791867,0.270935070365851
"161",5.68296147028435e-06,2.67967857535463e-07,0.954964735476748,0.0450293135939246
"162",1.91709957332871e-07,5.40733734149208e-07,0.261740006973372,0.738259260582936
"163",8.06269219003266e-06,1.83720118060265e-05,0.304996002843578,0.694977562452426
"164",1.55379049749142e-06,6.68632788774913e-06,0.188562545030524,0.811429214851091
"165",2.00267292838822e-05,3.16743282919466e-05,0.387336252288982,0.612612046653442
"166",3.95221342644849e-07,1.19447460098378e-06,0.248614029586662,0.751384380717394
"167",3.46649733002967e-06,2.42183008376669e-08,0.993058614921302,0.00693789436306735
"168",1.56408746006788e-07,5.93163889584529e-07,0.208663738963317,0.791335511464048
"169",1.5133855228168e-06,3.83756376896453e-06,0.282824101340681,0.717170547710027
"170",3.86372076679603e-07,9.10071274877417e-07,0.298024264080697,0.701974439475952
"171",1.95580443417057e-05,8.88685193458555e-06,0.687557016386949,0.312414538716775
"172",7.31160535087071e-07,1.99853925055247e-06,0.267853096184719,0.732144174115495
"173",5.59733591978971e-07,2.17754971775431e-06,0.204484518587918,0.795512744128772
"174",6.26000043471697e-08,1.57473253866102e-06,0.0382328575324923,0.961765505134965
"175",9.67291448665058e-09,2.86322938626017e-06,0.00336693896440467,0.996630188133295
"176",1.89323695442981e-08,9.66474765207683e-07,0.0192127195151385,0.980786295077727
"177",2.54381843004874e-07,2.78134134354808e-06,0.0837958717378521,0.916201092538961
"178",1.44233165031741e-08,2.99281810907343e-06,0.00479618064785525,0.995200812110719
"179",1.06761880011166e-06,4.78795799678765e-06,0.182324062277369,0.817670082145834
"180",1.03758006461045e-07,7.89327239828159e-07,0.116179182477168,0.883819924437585
"181",1.17058136113984e-06,3.27012236886858e-06,0.26360149969577,0.7363940596005
"182",3.05193684104253e-06,7.38599540226677e-06,0.292385973964224,0.707603588103532
"183",2.80653198763907e-08,3.86871276419126e-07,0.0676375824201208,0.932362002643283
"184",1.27445556013431e-06,1.64786906926773e-05,0.0717863141772136,0.928195932676534
"185",2.69894327159477e-05,0.000191848927597232,0.123303457191555,0.876477704448131
"186",1.65936846672455e-08,1.95661968593338e-07,0.0781778053504673,0.921821982393879
"187",5.41851743377838e-08,3.54522427371297e-07,0.132576815222684,0.867422776069714
"188",4.30569371921041e-06,3.76255897064827e-06,0.533654453485007,0.466337478262303
"189",8.73339932858711e-08,5.8915160870558e-07,0.129099472255709,0.870899851258689
"190",8.56284948973511e-07,3.40656122364351e-06,0.200870794790329,0.799124942363498
"191",7.48858782481958e-07,3.92176019579468e-06,0.160333199588939,0.839662129792082
"192",2.45768340870924e-08,1.47157719422522e-07,0.143109405557251,0.856890422708196
"193",2.65849976019268e-07,1.20453210845095e-06,0.18080306331671,0.819195466301206
"194",3.89830723184563e-06,2.37020186999654e-06,0.621883566241556,0.378110165249342
"195",2.23528530528424e-07,7.80675121588349e-07,0.222592604188483,0.777406391607865
"196",4.08614040160506e-06,8.33107646317496e-07,0.830639207671683,0.169355873080269
"197",1.45079868878196e-06,4.26969955515801e-06,0.253612592404431,0.746381687097325
"198",1.0457388605912e-07,9.91631477998587e-08,0.51327862575014,0.486721170512826
"199",9.73645252311487e-06,6.2303679257535e-06,0.609783087002502,0.39020094617705
"200",4.8501709913898e-05,2.78529290423379e-05,0.635167780848866,0.364755864512178
"201",3.5168927988718e-06,8.55360212326289e-07,0.804362742302274,0.195632885444715
"202",4.83859162392456e-05,7.93891195636721e-06,0.859002902641698,0.140940772530106
"203",2.75204893426182e-06,5.32894291070429e-07,0.83777395990123,0.162222755155544
"204",6.08829161285538e-07,1.08138937226443e-07,0.849171289542778,0.150827993489124
"205",6.68601652186397e-05,1.43418475757323e-05,0.823313779277178,0.176605018710027
"206",2.92325914857103e-05,4.57316686254401e-06,0.864693019297292,0.13527317494436
"207",3.16414718216314e-06,4.15931704081819e-07,0.883817355652012,0.116179064269102
"208",1.76137068217708e-05,1.86162154042924e-06,0.904393674985877,0.0955868496857609
"209",7.33781400647511e-05,9.26505531751749e-06,0.887817509008457,0.11209984779616
"210",3.95634383485133e-06,3.51357191191558e-06,0.529633052823731,0.470359477260522
"211",1.43047782957658e-06,8.7496686383913e-07,0.620476620312974,0.379521074242332
"212",9.05634795108809e-07,5.22315864179614e-07,0.634219043925721,0.36577952812362
"213",1.68767102098192e-05,7.52468468017315e-06,0.691612035731216,0.308363562873894
"214",0.00111746044278778,0.000141528679442269,0.88646800241524,0.11227300846253
"215",1.77952449599984e-05,7.37840246579231e-06,0.706881950310662,0.293092876041912
"216",1.81468131293034e-05,2.60937047637019e-06,0.874266522953574,0.12571272086282
"217",4.49560750023884e-06,2.46965442162314e-06,0.645428160144956,0.354564874593122
"218",2.61177054823781e-05,1.71408797836471e-05,0.603731617822929,0.396225123591805
"219",8.17120765858655e-06,3.75694638385155e-06,0.685027218972159,0.314960852873799
"220",2.68383797157519e-05,1.38448554419717e-05,0.659664545840419,0.340294770924423
"221",2.4332579703503e-05,3.1511606830088e-06,0.885320215189519,0.114652301070095
"222",8.63886032240768e-07,1.21258953824466e-07,0.876911716962817,0.123087297892197
"223",9.45419216220937e-06,9.06830473425335e-07,0.912467286249802,0.0875223527275619
"224",1.1169358476711e-05,1.97969793206519e-07,0.982573146981676,0.0174154856900537
"225",1.61328165736891e-05,1.06605011342063e-06,0.938000125300037,0.0619826758332757
"226",2.11500572707653e-06,9.2507122447304e-09,0.995643084851741,0.0043547908918196
"227",1.23224692999749e-05,3.37943600630288e-07,0.9732947407929,0.0266925987941999
"228",8.19671880015838e-07,9.73753484859063e-08,0.893815610431729,0.106183472521042
"229",4.54848568896009e-05,2.82733610790866e-06,0.941432309205276,0.0585193786017267
"230",7.47289461074707e-07,6.28015682116223e-08,0.922475164748537,0.0775240251604339
"231",1.36518828778739e-05,8.90261283164919e-07,0.938766952042773,0.0612185058130658
"232",2.16988430940935e-06,8.88143361109718e-09,0.995921470075816,0.00407635115844142
"233",1.9722452261756e-05,8.20186885846509e-07,0.960054205734213,0.0399252516266392
"234",5.61898645423305e-06,4.03273465116877e-07,0.933030571659995,0.0669634060800854
"235",2.10454350529859e-05,7.15943702776593e-07,0.967079214580089,0.032899024041155
"236",1.29994470200915e-05,4.88353680822315e-07,0.963779935246237,0.0362065769530618
"237",5.68709732306295e-06,1.05468848712134e-07,0.981786692034047,0.0182075153997816
"238",0.000722605537380235,0.000565337102745602,0.560331524411787,0.438380532948088
"239",0.0111173934037628,0.00547682670859612,0.658838370017916,0.324567409869725
"240",0.793442054277491,0.133786530183924,0.0622714855918233,0.0104999299467616
"241",0.000179898818800129,1.02747872885647e-05,0.945791640029904,0.0540181863640068
"242",0.000411948016698608,1.2900033669701e-05,0.969224175631468,0.0303509763181641
"243",2.63984538139748e-06,1.10900998460149e-07,0.959680666739252,0.0403165825143679
"244",7.2521534733103e-07,2.25946518191956e-09,0.99689337318771,0.00310589933747751
"245",6.49560912368217e-08,3.39740955591203e-09,0.950296415597057,0.049703516049442
"246",9.49096239609575e-07,2.5523010425974e-08,0.973811377691844,0.026187647688906
"247",2.45141042999889e-08,2.31236238183563e-09,0.913802922058718,0.0861970511148153
"248",5.45536103950927e-07,1.30267391139028e-07,0.80724018037685,0.192759143819655
"249",3.49601180624492e-08,3.36181305376124e-09,0.912274400178169,0.0877255614999005
"250",3.95908765487229e-07,9.7056250396023e-08,0.803116970904524,0.19688253613046
"251",6.88012291427591e-08,3.61676664829216e-09,0.950057004599039,0.0499429229829651
"252",2.14191894988876e-07,6.86919786389201e-09,0.968926032506491,0.0310737464324157
"253",1.04261046950832e-08,4.87472924024598e-10,0.95533334211531,0.0446666469711126
"254",5.81409088446101e-08,7.22731637096452e-10,0.987721876296343,0.0122780648400169
"255",4.58796985255525e-08,3.61248533920603e-09,0.927008926909269,0.0729910235985475
"256",0.00101907571088408,0.000750606108048853,0.574833430644497,0.42339688753657
"257",0.00013271888495994,1.31902493662583e-05,0.909466845068522,0.0903872457971518
"258",0.00372477151509892,0.00266722207443005,0.578999767070272,0.414608239340199
"259",0.374063258234268,0.156802295483958,0.330565730432068,0.138568715849706
"260",0.502696811624813,0.0308759137816357,0.439436823938894,0.0269904506546574
"261",0.739203237872833,0.229133556360528,0.0241708715020617,0.00749233426457681
"262",0.684954048274811,0.29378160509359,0.0148815466761687,0.00638279995542993
"263",0.894867451082427,0.103635855894226,0.0013413494592329,0.000155343564114116
"264",0.955759505163839,0.0441909214805229,4.7382554766387e-05,2.19080087188779e-06
"265",0.930018682125279,0.0684538843552666,0.00142271481108768,0.000104718708366336
"266",0.00373338304468785,0.0025782357618457,0.587776205719322,0.405912175474144
"267",0.00452505212719269,0.00307401394193739,0.590949718854856,0.401451215076014
"268",0.00494044308662427,0.000613842617667104,0.884542624521361,0.109903089774348
"269",0.0125054696044546,0.00847480085550041,0.583553081133666,0.395466648406379
"270",0.00174872570328884,0.000351235528453726,0.83099317298297,0.166906865785287
"271",0.393863739480534,0.275641328444009,0.194427161291146,0.136067770784312
"272",0.616116824207454,0.335855307143225,0.0310836598374879,0.0169442088118339
"273",0.401053221050512,0.277348148528885,0.190120734419479,0.131477896001123
"274",0.256367049805122,0.0253203133476458,0.653744951442468,0.0645676854047647
"275",0.50634797227944,0.36219087208008,0.0766403138148132,0.0548208418256666
"276",0.808063708916753,0.00193693262840377,0.189545018127328,0.000454340327514977
"277",0.562883910963366,0.424900744739124,0.00696084995069739,0.00525449434681232
"278",0.578566054454514,0.421014127952057,0.000242994221869929,0.000176823371558519
"279",0.809771686497143,0.188953954868936,0.00103325627925341,0.000241102354668191
"280",0.572579791543448,0.427388206039249,1.83245238576528e-05,1.36778934459676e-05
"281",0.983240145276387,0.0167544401127392,5.32389160893134e-06,9.07192648277003e-08
"282",0.544650035416532,0.455349461982677,2.73741676033523e-07,2.28859114658413e-07
"283",0.796829898143505,0.20314414350167,2.06849301777363e-05,5.2734246470146e-06
"284",0.517734995330562,0.482264940751011,3.30928082575668e-08,3.0825618043127e-08
"285",0.550248159810609,0.449751794112563,2.53536911089224e-08,2.07231371160576e-08
"286",0.585525941026377,0.414472591832801,8.590502706273e-07,6.08090551133288e-07
"287",0.823796466505886,0.176184865803308,1.53786648076081e-05,3.28902599795643e-06
"288",0.605671355393113,0.394326351491315,1.3888776014513e-06,9.04237970595179e-07
"289",0.896746792038919,0.103243644161564,8.57638855956933e-06,9.87410957581714e-07
"290",0.577717080767723,0.422272331341751,6.11686997076979e-06,4.47102055497269e-06
"291",0.239111370425785,0.760887953896825,1.61562255845418e-07,5.14115134124626e-07
"292",0.643933476427472,0.35605711584153,6.05800991863501e-06,3.34972107885357e-06
"293",0.125052595681201,0.874947357907671,5.80383219539876e-09,4.0607295014085e-08
"294",0.123020758552091,0.876979010606939,2.83982377162201e-08,2.02442731685855e-07
"295",0.188053131316079,0.811941794029603,9.54309477551249e-07,4.12034483999131e-06
"296",0.142311788549549,0.857685545038274,3.79462897616682e-07,2.28694927863161e-06
"297",0.111592620732988,0.888407228948309,1.67744605646772e-08,1.33544242706025e-07
"298",0.183520859420172,0.816473137508724,1.10169538172389e-06,4.90137572228537e-06
"299",0.118041538851766,0.881957979839282,5.68144767010638e-08,4.24494475286543e-07
"300",0.901624390285812,0.0983730537827531,2.30449601165481e-06,2.51435423153088e-07
"301",0.0809535836704049,0.919044927180999,1.20552094974366e-07,1.36859650090743e-06
"302",0.127147660119633,0.872850242450995,2.66683796332811e-07,1.83074557618937e-06
"303",1.93188398419954e-08,9.68441428137229e-08,0.166308036830615,0.833691847006402
"304",5.99345354352157e-06,8.25432609167752e-06,0.420652782648999,0.579332969571366
"305",0.00181224002357072,0.000939210621718488,0.656836690013928,0.340411859340783
"306",1.65025405127586e-05,1.76233588670118e-05,0.483561683315042,0.516404190785578
"307",0.0772371228114841,0.000342817817671735,0.918343979534154,0.00407607983669045
"308",7.26398668454319e-07,3.80390434092813e-07,0.656311001628474,0.343687891582423
"309",2.57618186817423e-05,9.47232671030275e-06,0.731134832403043,0.268829933451565
"310",0.00168137200194279,0.000154639641926741,0.914092777664763,0.0840712106913677
"311",9.08250826050665e-05,1.14948219887179e-05,0.887567182082736,0.11233049801267
"312",1.18116942252607e-06,4.31959518540445e-07,0.73222139103559,0.267776995835469
"313",2.57997673087072e-05,4.35570043067323e-06,0.855532718896122,0.144437125636139
"314",4.05391061006534e-05,4.93291834768597e-06,0.891476972868977,0.108477555106575
"315",3.54345856076469e-06,8.26038929138538e-07,0.810949791324833,0.189045839177677
"316",2.38995182256951e-05,2.42450411688927e-06,0.90787375816735,0.0920999178103077
"317",2.31248663177673e-05,1.6425968121967e-06,0.933656121830149,0.0663191107067211
"318",6.84186124684195e-06,8.85069901320226e-07,0.885449636998315,0.114542636070537
"319",4.87766996036778e-06,4.73215755624074e-07,0.911558220340187,0.088436428774097
"320",3.89804648354607e-06,2.42594880690858e-07,0.941407381185239,0.058588478173397
"321",1.23535300919503e-05,2.81036077324278e-07,0.977744217328058,0.0222431481057729
"322",8.86085821854986e-06,3.86908446575323e-07,0.95815309752743,0.0418376547059052
"323",0.000396823242842412,6.69289695272941e-06,0.983016734995182,0.0165797488650231
"324",1.04106624585304e-05,2.62735493950297e-07,0.975373670853097,0.0246156557489502
"325",8.66461553806074e-09,4.72077943115699e-08,0.155078599209643,0.844921344917947
"326",0.0003896634389095,0.000672861966828138,0.366343627647889,0.632593846946373
"327",8.60207973505908e-06,7.27814692597428e-08,0.991601468958231,0.00838985618056511
"328",0.00690537567090284,0.00618739784545525,0.52051348346351,0.466393743020132
"329",0.562258565361712,0.366458689665815,0.0431555822897675,0.0281271626827055
"330",5.32237234543065e-05,1.2953489213348e-05,0.804207356449345,0.195726466337988
"331",3.96901686116136e-05,6.97018091290359e-06,0.85057906892917,0.149374270721305
"332",1.53903269885156e-05,3.0992503105459e-06,0.832363129721536,0.167618380701165
"333",2.79829171882154e-05,2.96254904619438e-06,0.90423750709827,0.0957315474354951
"334",9.37243018622363e-09,5.25985306365643e-08,0.151239055857251,0.848760882171788
"335",0.000160174392973551,8.74770326317028e-05,0.646613380744409,0.353138967829986
"336",2.73339583119369e-07,1.66868108505972e-06,0.140749816295489,0.859248241683843
"337",0.0262243683250527,0.0120400600710121,0.659121510975986,0.302614060627949
"338",2.87239581911326e-07,1.83210032579793e-06,0.135532281588321,0.864465599071771
"339",0.00170885283301044,5.93202188757784e-05,0.96474227093426,0.0334895560138537
"340",1.96800376061772e-06,1.56543808504344e-05,0.111674391584003,0.888307986031386
"341",0.262997641109337,0.132553401803507,0.401891621152793,0.202557335934363
"342",0.913878775170328,0.0750059399454557,0.0102722013803877,0.000843083503828382
"343",0.390982154858013,0.0097145171668098,0.584773777633965,0.0145295503412128
"344",1.02743590413314e-07,9.29549576653107e-07,0.099529365910447,0.900469601796386
"345",2.88810688988649e-05,5.31669228857442e-06,0.844502102715875,0.155463699522937
"346",1.80023855831602e-05,1.76809522545461e-06,0.910550929014194,0.089429300504997
"347",2.13936344796652e-05,2.58982902961296e-06,0.891994660318234,0.107981356218257
"348",2.73993317854391e-10,2.82748269666969e-09,0.0883428779463416,0.911657118952182
"349",8.37441403357063e-09,7.78666370089036e-08,0.0971047222885527,0.902895191470396
"350",0.000132847809408742,0.000332084613275161,0.285602891251022,0.713932176326294
"351",0.0424570713128179,0.00617411780272764,0.830584943184129,0.120783867700325
"352",0.000234138284144843,0.000415746279454422,0.360042589705995,0.639307525730406
"353",0.115171118886991,0.0637317599187756,0.528592243982263,0.29250487721197
"354",0.984203924074577,0.0144411681302635,0.00133531479718272,1.95929979765892e-05
"355",0.126217660382751,0.054843056731414,0.570883634666061,0.248055648219774
"356",0.0742182714352285,0.0271960954124639,0.657613654771954,0.240971978380354
"357",0.613868368018923,0.179658708898729,0.15972636601764,0.046746557064707
"358",0.996819935151119,0.00310402554955551,7.58032534484915e-05,2.36045876638571e-07
"359",2.32526648062861e-05,3.65129786054939e-05,0.389040822929215,0.610899411427373
"360",5.53161615724467e-06,5.37327073046478e-06,0.507254765001791,0.492734330111321
"361",1.61706748576488e-06,2.21851478109204e-06,0.421594733436552,0.578401430981181
"362",4.00313596241844e-05,3.77070260819633e-05,0.514909684415328,0.485012577198966
"363",3.86675115610027e-06,2.05725106897207e-06,0.652722281752789,0.347271794244986
"364",5.12181856814585e-05,1.34062795280731e-05,0.792499799689576,0.207435575845214
"365",1.18325816154775e-05,3.58996824757477e-06,0.767214191684629,0.232770385765508
"366",7.9072151374996e-06,1.26734043091776e-07,0.984217280143784,0.0157746859070355
"367",3.61811418044654e-05,4.6745211315227e-06,0.885548318151558,0.114410826185506
"368",3.84073777270597e-06,3.83481035881549e-06,0.500382282428216,0.499610042023653
"369",2.63649214995505e-05,1.50077761794142e-05,0.637227741739167,0.362730885563154
"370",1.30834430644476e-05,1.43465416985218e-06,0.901168583362229,0.0988168985405367
"371",6.31812698525098e-05,4.14713379190142e-05,0.603660616902919,0.396234730489309
"372",0.000464506231349967,0.000257453344323888,0.64293194836434,0.356346092059986
"373",4.03326741394014e-06,3.82840410919082e-06,0.513025212748943,0.486966925579534
"374",0.00881315990018807,0.00351608359442639,0.706004412162344,0.281666344343042
"375",0.877500115058175,0.107367043763853,0.0134831076007344,0.00164973357723699
"376",5.0130062522209e-06,1.14342867627717e-08,0.997719253670992,0.00227572188846933
"377",2.34042690996806e-08,1.98070262730076e-07,0.105674741573543,0.894325036951925
"378",0.00209393231312276,0.000725590228748596,0.740560996678148,0.256619480779981
"379",8.00488646548577e-10,5.96911254880101e-09,0.118247533056968,0.881752460173431
"380",4.18358048143547e-09,3.08299767373002e-08,0.119484584465894,0.880515380520549
"381",1.07398760257649e-05,1.18435902251529e-05,0.475552927208446,0.524424489325303
"382",9.57133987223734e-05,2.96329812923871e-05,0.7634955343988,0.236379119221185
"383",9.91628723219249e-05,2.29563658048942e-05,0.811917631884829,0.187960248877044
"384",6.00778349314782e-09,4.45524887451284e-08,0.118824185935544,0.881175763504184
"385",2.27633557716726e-07,3.08713481055165e-07,0.42441445402098,0.575585009631982
"386",1.50480189832668e-06,1.66275518885199e-06,0.475065512748527,0.524931319694386
"387",6.87400212181317e-05,8.44531759438998e-06,0.890515174951247,0.109407639709941
"388",4.04659324640263e-06,2.79250069909369e-06,0.591681530275805,0.408311630630249
"389",3.76021445941973e-05,1.45230241875188e-05,0.72134413096141,0.278603743869809
"390",4.05471180572166e-05,2.45963444491092e-05,0.622387498570782,0.377547357966711
"391",7.90692372317019e-07,7.26298737117698e-07,0.521223340022314,0.478775142986576
"392",5.3309468644556e-06,3.59926656567721e-06,0.596950935122615,0.403040134663955
"393",4.01228992195932e-05,3.27257967792897e-06,0.924546959417417,0.0754096451036852
"394",5.72576276558904e-06,2.9458693384828e-06,0.660280907349871,0.339710421018025
"395",1.43628460122085e-05,1.59699198655913e-06,0.899922466921154,0.100061573240847
"396",1.52282551546865e-05,8.16812888720997e-06,0.650865485936273,0.349111117679685
"397",1.06925032894553e-05,3.64796610234807e-06,0.745606692626856,0.254378966903752
"398",5.99622568184625e-06,6.12395129079066e-07,0.907327901935541,0.0926654894436478
"399",7.99510933887793e-06,7.02170722834773e-07,0.919257485839598,0.08073381688034
"400",5.05701827855186e-06,9.03002171198421e-08,0.982451785861024,0.0175430668204806
"401",1.1179088581735e-05,2.31527998880487e-06,0.828415028725287,0.171571476906142
"402",0.000386023499799431,2.33929688676665e-05,0.942476634312123,0.0571139492192103
"403",3.1201757125362e-06,7.94194805821279e-07,0.797104792297905,0.202891293331577
"404",2.86238986678527e-06,1.16464319179072e-06,0.710790872141194,0.289205100825747
"405",2.1074364192125e-07,1.61048911722715e-06,0.115714620797052,0.884283557970189
"406",4.46355343082322e-06,5.45204346319446e-06,0.450150325768046,0.54983975863506
"407",2.03016480090048e-05,9.93690383363628e-06,0.671362644025213,0.328607117422945
"408",2.67232559558394e-05,5.57444735436137e-06,0.827377494907112,0.172590207389577
"409",1.2984163115806e-05,6.17478030959847e-07,0.954589697653213,0.0453967007056405
"410",4.65236307295261e-06,2.97119704794732e-06,0.610256564072827,0.389735812367053
"411",2.2401409209795e-05,7.56280899888972e-06,0.747582927512813,0.252387108268978
"412",1.54659353766845e-06,1.23781862831792e-06,0.555445508465774,0.44455170712206
"413",1.29543479401533e-06,1.1517162965906e-06,0.529363155737925,0.470634397110984
"414",7.04139057522562e-07,7.50756019948894e-06,0.0857475722510377,0.914244216049705
"415",6.40286959884356e-07,3.02686100402802e-09,0.995294251714819,0.00470510497135996
"416",7.6506231840653e-06,6.05237129794857e-05,0.112213804173403,0.887718021490433
"417",0.658725904094307,0.0543171829470916,0.265097517050595,0.0218593959080064
"418",1.27177672380165e-07,1.12978553359773e-06,0.101178389246142,0.898820353790652
"419",5.0483681195831e-08,3.31742632936309e-07,0.132077934022582,0.867921683751104
"420",8.42752233665228e-08,5.46247954643159e-07,0.133659115427073,0.866340254049749
"421",3.86709220484474e-06,1.93593285681708e-05,0.166491532377072,0.833485241202155
"422",9.02262370258895e-06,1.4985911755583e-05,0.375799977400822,0.62417601406372
"423",2.05302822426769e-06,2.87772453568441e-05,0.0665892543393976,0.933379915387021
"424",6.05655042784531e-07,2.83102640653974e-06,0.176231917409793,0.823764645908758
"425",4.64815533309949e-07,5.28147505219968e-10,0.99886457294689,0.00113496170942878
"426",8.24058913236412e-07,2.85247593700776e-06,0.224139282536753,0.775857040928396
"427",7.81332858974537e-06,3.17099713536679e-05,0.197681362447015,0.802279114253042
"428",2.60021258668825e-05,1.58271717975555e-05,0.621598727877398,0.378359442824937
"429",1.75370052766964e-07,7.69339053629231e-07,0.185633742604923,0.81436531268597
"430",5.02760719015541e-05,3.46122097625784e-05,0.592211351987381,0.407703759730955
"431",3.05444647997097e-07,6.98328442127175e-07,0.304296204396318,0.695702791830592
"432",4.26594855815765e-05,1.63467717658989e-05,0.722922793658884,0.277018200083768
"433",1.93203283028651e-07,4.00772631265883e-07,0.325271048237742,0.674728357786343
"434",3.55917655993278e-05,1.5550059515673e-05,0.695906829516665,0.30404202865822
"435",2.30491917098725e-07,4.50448491850813e-07,0.338490354101669,0.661508964957922
"436",1.06774939086096e-05,1.77480712332937e-05,0.375619282906402,0.624352291528456
"437",4.9274957528212e-07,7.26062034370943e-07,0.404286413757971,0.595712367430419
"438",1.62486740664139e-05,9.20461735386901e-06,0.638355968031308,0.361618578677271
"439",6.98400550028425e-06,9.3251349460631e-06,0.428219477300645,0.571764213558908
"440",4.1486163306576e-08,3.12257244578648e-07,0.117277517280491,0.882722128976101
"441",7.71914213681817e-06,3.35501865836946e-06,0.697033102242053,0.302955823597152
"442",4.38482672487244e-05,9.58459705475377e-06,0.820579710291826,0.179366856843871
"443",1.15403661869418e-05,1.8553038673981e-06,0.861488193512596,0.13849841081735
"444",1.98691539020743e-05,2.16487426769042e-06,0.901728723930812,0.0982492420410181
"445",0.000377989079771218,4.25241564608543e-05,0.898497592478888,0.101081894284879
"446",2.93401908766623e-08,2.05641552241583e-07,0.124861547084059,0.875138217934198
"447",2.56986221284142e-08,1.54145345801017e-07,0.142893964154282,0.85710585600175
"448",2.20398384647605e-07,8.13787183512551e-07,0.213112775405356,0.786886190409075
"449",7.37766162882206e-06,5.93916896086518e-06,0.554002946276519,0.445983736892892
"450",3.55419567480918e-05,1.28531140439171e-05,0.73437720228415,0.265574402645058
"451",2.54303282079586e-05,1.74547634888131e-06,0.935745510869484,0.0642273133259594
"452",1.98739452671951e-05,2.09038225938148e-05,0.48735219936034,0.512607022871799
"453",2.15437515569351e-05,1.70590599755059e-06,0.926605074573776,0.0733716757686696
"454",7.38764303414288e-06,7.74190944331677e-06,0.488284850025539,0.511700020421983
"455",3.67632352528445e-07,2.35026526366961e-06,0.135263135428778,0.864734146673605
"456",1.65323535182602e-07,1.0328820541378e-06,0.137975768569721,0.862023033224689
"457",0.0010169344745275,7.96298403620752e-05,0.926365491452679,0.0725379442324312
"458",1.86922600331842e-07,1.2132811551351e-06,0.133496527110642,0.866502072685603
"459",8.58939099596519e-08,7.17689356107692e-07,0.10688853857933,0.893110657837404
"460",6.8755465508542e-06,3.46461843689372e-05,0.16558223643281,0.83437624183627
"461",0.000354866764804521,0.000596334639896812,0.372717295503443,0.626331503091856
"462",0.00741074596069248,0.00325915751723544,0.687135926933075,0.302194169588997
"463",9.80851146686536e-08,7.77291391205832e-07,0.112048961959818,0.887950162663676
"464",6.85508433190971e-08,5.61163655741566e-07,0.108860126698517,0.891139243586984
"465",2.6412759159373e-05,0.000136056881616494,0.162544015988267,0.837293514370957
"466",0.000669162941857725,0.00316991608668444,0.173633824020052,0.822527096951406
"467",0.262658876411486,0.733411082787871,0.00103633293165259,0.00289370786899026
"468",9.85247317745328e-05,0.000355383057284632,0.216960389323764,0.782585702887177
"469",1.87470206876946e-07,1.21411645032865e-06,0.133755514264792,0.866243084148551
"470",3.83202638095494e-06,1.26666059778079e-05,0.232259442748613,0.767724058619028
"471",1.2014396106415e-07,5.45965372795712e-07,0.180366607894452,0.819632725996214
"472",2.08105683029358e-06,7.02946771624657e-06,0.22842130111647,0.771569588358983
"473",2.85825355227478e-07,6.99720614702719e-07,0.290016987795805,0.709982026658225
"474",1.41940142186705e-06,3.22120960577233e-06,0.30586378098127,0.694131578407702
"475",8.76031312817549e-08,5.81462570394119e-08,0.60105307831971,0.398946775930901
"476",1.78566743111991e-06,3.77181220676137e-07,0.825607269148807,0.174390568002541
"477",1.9583814461129e-08,1.20192141882803e-08,0.619681552027045,0.380318416369927
"478",5.53541284798307e-07,3.65936942041699e-07,0.602016186649156,0.397982893872617
"479",1.09720472764488e-06,2.97021427607366e-07,0.786962139363139,0.213036466410705
