"","(1,R1)","(2,R1)","(3,R1)","(4,R1)"
"1",2.59392929996581e-05,2.60008155611841e-05,0.026583191129558,0.973364868761881
"2",5.92405097873864e-05,1.61672947563186e-05,0.0416118235495667,0.95831276864589
"3",0.0246886421115284,0.00671151717756213,0.368593379165399,0.600006461545511
"4",0.00278207689277092,0.000755873917451141,0.679468089688915,0.316993959500863
"5",0.00180606731371306,0.000490865825966237,0.736737251261437,0.260965815598883
"6",0.00252265869316267,0.000685665018144612,0.900551450116608,0.0962402261720846
"7",1.27696513305931e-05,3.4829662154936e-06,0.0515962307763414,0.948387516606112
"8",0.00137242920203492,0.000373150897718686,0.633737372891834,0.364517047008412
"9",0.00290656626182714,0.000790668621161333,0.736808497483718,0.259494267633293
"10",0.00305893067154475,0.000831362289149711,0.904838361211665,0.0912713458276408
"11",2.18804391712186e-07,5.99340739142022e-08,0.0183728436699948,0.98162687759154
"12",3.77755218632145e-07,1.03687772397398e-07,0.032110802707368,0.967888715849641
"13",1.14529941911606e-06,3.12700752941075e-07,0.189026978423422,0.810971563576406
"14",1.10720294955736e-05,3.02563335066749e-06,0.274594280291026,0.725391622046128
"15",0.000331442701032771,9.02291927210864e-05,0.526884134144182,0.472694193962065
"16",0.00015430961676506,4.19324656028124e-05,0.928649971747347,0.0711537861702846
"17",8.03042363808442e-05,2.18181604500676e-05,0.956129108786834,0.0437687688163351
"18",0.00026485767337166,7.20915067712237e-05,0.403052743705115,0.596610307114742
"19",0.000978248566690858,0.000266488500078894,0.41389914938927,0.58485611354396
"20",0.00623329438225456,0.0016973467432371,0.376651160544114,0.615418198330394
"21",0.00204185203402324,0.00055491861430344,0.535953831251353,0.46144939810032
"22",0.00310701287258721,0.000844840214544718,0.770521961118798,0.22552618579407
"23",0.0030277912395748,0.000822970195272395,0.881131061345795,0.115018177219358
"24",0.0128030567233753,0.00348234402524405,0.865489183042427,0.118225416208954
"25",0.015833452265402,0.00430530452429463,0.889248971822439,0.0906122713878648
"26",0.0221621313521073,0.00602465334621714,0.901602746452836,0.07021046884884
"27",0.0217039841633545,0.00590004127321951,0.926339750644742,0.0460562239186838
"28",6.7242314441802e-06,1.83591181745011e-06,0.340505070177741,0.659486369678998
"29",5.00753475883089e-05,1.36252720653066e-05,0.64786183079126,0.352074468589087
"30",4.74140291102015e-05,1.2881321568125e-05,0.966947514744172,0.0329921899051494
"31",7.23634457355726e-06,1.96974383514008e-06,0.76908058219475,0.230910211716841
"32",0.000159199419311998,4.33019558225132e-05,0.860226932071683,0.139570566553183
"33",1.28404519512679e-06,3.48403427098874e-07,0.982301250239496,0.0176971173118822
"34",9.88881081709588e-06,2.69842804441792e-06,0.817250548209681,0.182736864551457
"35",7.47965991028907e-05,2.03307154580928e-05,0.935510975382995,0.064393897302444
"36",2.27847354059065e-05,6.20372812566633e-06,0.880056372929057,0.119914638607412
"37",1.83388723493073e-05,4.98323828796642e-06,0.973372923371923,0.0266037545174398
"38",1.41890058612737e-05,3.85878850492715e-06,0.94320573689023,0.0567762153154038
"39",8.92990671798829e-07,2.42778699370631e-07,0.970617833038576,0.0293810311920526
"40",5.75171115810314e-06,1.56464850988377e-06,0.977060879716235,0.0229318039240967
"41",4.2544138901676e-07,1.16458152496503e-07,0.973828670685315,0.0261707874151437
"42",5.1573160265121e-06,1.40390744238514e-06,0.974785114158411,0.0252083246181204
"43",4.5084682929071e-06,1.22895350816435e-06,0.97134558482441,0.0286486777537884
"44",1.51524282608665e-05,4.12537433464717e-06,0.491349473139043,0.508631249058362
"45",9.48209268238621e-05,2.57930870071062e-05,0.727115996273543,0.272763389712626
"46",0.000153224961176663,4.17090285807957e-05,0.797018128981503,0.20278693702874
"47",8.53985226031739e-05,2.32558681673026e-05,0.532999394312681,0.466891951296549
"48",4.71818722185453e-05,1.28348856975604e-05,0.744319710413608,0.255620272828476
"49",7.25815420274186e-05,1.97299664349721e-05,0.896921711663421,0.102985976828116
"50",6.55513989693167e-05,1.78373637915314e-05,0.842157026159091,0.157759585078148
"51",3.59705623270314e-05,9.77927136608036e-06,0.942608567242473,0.057345682923834
"52",0.000973086280938595,0.000265793019854005,0.520982042017865,0.477779078681342
"53",0.0220114497947576,0.00600378050369815,0.446960734588885,0.525024035112659
"54",0.0687053108273792,0.0186792372703805,0.344871241206963,0.567744210695277
"55",0.0562270253134949,0.015289943103419,0.395131899588272,0.533351131994814
"56",4.25813026887184e-05,1.15661495727924e-05,0.893131774514069,0.10681407803367
"57",5.07017374245223e-06,1.37707373713062e-06,0.98889560515505,0.0110979475974709
"58",2.73751612894591e-06,7.45042832207812e-07,0.935043704741364,0.0649528126996751
"59",8.4758213906889e-06,2.30844522587416e-06,0.950549905915614,0.0494393098177693
"60",5.97185475202088e-06,1.62427374825522e-06,0.976556128671043,0.0234362752004568
"61",1.9380598839049e-06,5.2769051299195e-07,0.963818619385297,0.0361789148643062
"62",5.76775431200674e-06,1.57170111282654e-06,0.96649938019011,0.0334932803544654
"63",1.41041397891391e-06,3.8353485795505e-07,0.984631611358854,0.0153665946923089
"64",5.91467602806334e-07,1.61428933634108e-07,0.989296607497461,0.0107026396060028
"65",3.22800665467203e-07,8.78817347133899e-08,0.995935640164292,0.00406394915330826
"66",2.74912534485115e-05,7.5472163523955e-06,0.0403827956929805,0.959582165837219
"67",0.0564889949655123,0.015369397437683,0.17476210117335,0.753379506423455
"68",4.12699872268628e-06,1.13269824235878e-06,0.0490805398790285,0.950914200424006
"69",8.22750296567559e-05,2.23481593431681e-05,0.968266826380963,0.0316285504300368
"70",6.66268847090017e-08,1.83124885995111e-08,0.0541144077740307,0.945885507286596
"71",5.6003822566272e-06,1.53614834839232e-06,0.0803512967182996,0.919641566751095
"72",0.000597624467892343,0.000162419854115033,0.834779660449138,0.164460295228855
"73",2.50826078998198e-05,6.91066696409978e-06,0.0890475183127485,0.910920488412388
"74",6.72760349365445e-06,1.83643437277966e-06,0.290934041709256,0.709057394252877
"75",0.000254738766017796,6.94228978002312e-05,0.471243679421622,0.52843215891456
"76",0.00020488092813437,5.56789719728392e-05,0.906539651536448,0.0931997885634451
"77",5.58954536737021e-05,1.52376979677153e-05,0.44997211401905,0.549956752829309
"78",0.0504448825023734,0.0137108668032226,0.814781579994529,0.121062670699875
"79",8.57916808166109e-06,2.33810271750612e-06,0.503457822402583,0.496531260326618
"80",2.54962817134081e-05,6.98687477697066e-06,0.549386712620935,0.450580804222574
"81",0.000324318657955343,8.81812311379045e-05,0.796416572428125,0.203170927682782
"82",0.000246563680896827,6.70188087068572e-05,0.876479822859035,0.123206594651361
"83",6.01944162397469e-05,1.63613018488846e-05,0.859917426044609,0.140006018237303
"84",1.85909882726626e-05,5.05209999888449e-06,0.97076435289969,0.029212004012038
"85",8.20627528631782e-06,2.2323588064839e-06,0.918109286778328,0.081880274587579
"86",1.79230140665886e-05,4.87515011282392e-06,0.953703556315993,0.0462736455198272
"87",1.83344120970979e-05,4.99338912860359e-06,0.934387504326111,0.0655891678726631
"88",0.00808307580919769,0.00220257918032834,0.0775893839412968,0.912124961069177
"89",0.00472612932159171,0.00128435086950513,0.482502761381513,0.51148675842739
"90",0.0417209945477983,0.0113415386463901,0.768456833167612,0.178480633638199
"91",0.000854454895783028,0.000232190789805408,0.683273483757555,0.315639870556857
"92",0.000272153188929287,7.3985879183184e-05,0.831857852046898,0.167796008884989
"93",0.10166016248951,0.0277201321654676,0.0347916733360457,0.835828032008977
"94",0.000965946485696059,0.000262405624714827,0.907342720881124,0.0914289270084647
"95",0.670303828686608,0.182838177497669,0.00270148050877546,0.144156513306948
"96",0.76657746844257,0.208377244546828,0.000340961640986115,0.0247043253696158
"97",0.783306040147013,0.212853663158441,0.000115945255959808,0.00372435143858641
"98",9.62580098981946e-07,2.65411919577106e-07,0.0790511365016625,0.920947635506319
"99",0.000597477411063611,0.000162380929195365,0.814376329058267,0.184863812601474
"100",6.89996169316842e-08,1.91688664079907e-08,0.092309536391615,0.907690375439902
"101",8.60789633967202e-06,2.34943880938649e-06,0.366713970641675,0.633275072023176
"102",3.94235730098696e-05,1.07240893184061e-05,0.693136862621857,0.306812989715815
"103",0.000144478808523414,3.92715518588638e-05,0.906655902651252,0.0931603469883654
"104",2.07519560491847e-05,5.6503030211185e-06,0.801023847183962,0.198949750556967
"105",9.32745953446213e-05,2.53587875909319e-05,0.913461359601487,0.0864200070155777
"106",1.38306777515158e-05,3.76199805840716e-06,0.89758212976143,0.10240027756276
"107",0.000454342327980148,0.000123661997032349,0.915533627175971,0.0838883684990161
"108",4.71484059880377e-06,1.28461715433979e-06,0.920135500540791,0.0798585000014564
"109",2.22342366061589e-05,6.05448330545176e-06,0.933260749841162,0.0667109614389261
"110",2.20222077239231e-05,5.98962772673372e-06,0.951339858266879,0.0486321298976699
"111",1.81184795455121e-05,4.93511016437966e-06,0.590226917728146,0.409750028682144
"112",0.000227820913849074,6.19236033048485e-05,0.886469492881948,0.113240762600898
"113",1.72610689997725e-05,4.70739045312995e-06,0.693025305688303,0.306952725852244
"114",0.000117531884390014,3.19437716885482e-05,0.923368043579909,0.0764824807640128
"115",1.23562302237918e-05,3.36392817477698e-06,0.810825978557235,0.189158301284366
"116",9.69185572482236e-05,2.63515285540264e-05,0.909030219218872,0.0908465106953255
"117",1.81466654848775e-06,4.93794470932825e-07,0.876636423523286,0.123361268015694
"118",4.8446831011025e-05,1.31877614567518e-05,0.894019740826208,0.105918624581324
"119",4.30036118876696e-06,1.1779631621726e-06,0.887949038353034,0.112045483322615
"120",8.05977753699123e-06,2.19414835033068e-06,0.917150177467578,0.0828395686065344
"121",1.15760926341299e-05,3.14676435575503e-06,0.972768697463434,0.0272165796795765
"122",1.99625437359122e-05,5.43547075385997e-06,0.921399782057169,0.078574819928341
"123",6.60068665765767e-08,1.85266676419933e-08,0.092925953698343,0.907073961768123
"124",1.79651459372084e-05,4.88789179586424e-06,0.524435725121972,0.475541421840295
"125",4.48546117391005e-05,1.21992013299924e-05,0.77458548806533,0.2253574581216
"126",0.000104518285673678,2.84221792537715e-05,0.888208863065661,0.111658196469412
"127",0.000108443117868953,2.95041281797704e-05,0.857278344603075,0.142583708150877
"128",3.58424365724122e-06,9.75688029396986e-07,0.658040520851184,0.341954919217129
"129",0.000196746939336381,5.34935959576503e-05,0.858289488050781,0.141460271413925
"130",1.74363310062203e-06,4.78029896060848e-07,0.68132670371489,0.318671074622113
"131",3.62102436117214e-05,9.87203936173426e-06,0.762479258213022,0.237474659504005
"132",2.32721862965216e-05,6.32905347794887e-06,0.889779070541479,0.110191328218747
"133",3.03397982797134e-05,8.25357117626519e-06,0.933443132024788,0.066518274605756
"134",2.73062545400928e-05,7.42625078184977e-06,0.94367318272534,0.0562920847693379
"135",9.33838281639153e-06,2.54074846036463e-06,0.720071882571855,0.279916238296868
"136",2.45938503405086e-05,6.69228050860822e-06,0.584996408157684,0.414972305711467
"137",4.66017073843219e-06,1.27195782886105e-06,0.73077528150824,0.269218786363193
"138",4.87158676987621e-05,1.32576469654826e-05,0.671012373895218,0.328925652590118
"139",5.13665666988384e-05,1.39755824694225e-05,0.842934177295571,0.15700048055526
"140",7.61752628003035e-06,2.06980717223735e-06,0.980167161907677,0.0198231507588703
"141",0.000276725073903777,7.52416247049398e-05,0.860123171458269,0.139524861843122
"142",3.40268385097456e-08,9.50189799615291e-09,0.0886750766939178,0.911324879777346
"143",6.64797442528473e-06,1.81615977564942e-06,0.196373974972993,0.803617560892806
"144",4.1196307491011e-05,1.12002315300704e-05,0.715576141200328,0.28437146226065
"145",0.000145266011668447,3.9496732674939e-05,0.878308640226849,0.121506597028807
"146",6.72957455690519e-06,1.83160744782947e-06,0.829515430126737,0.170476008691258
"147",7.3576435559559e-05,2.00163075103022e-05,0.893231454409873,0.106674952847057
"148",6.01558060237148e-06,1.63948705209796e-06,0.878032164088715,0.121960180843631
"149",3.7812940334212e-05,1.02823424974018e-05,0.938453720454841,0.061498184262327
"150",5.29824478195285e-06,1.44233159281576e-06,0.916755821650896,0.0832374377727289
"151",1.95594534556918e-05,5.32316114069753e-06,0.942150040481931,0.0578250769034731
"152",1.84438728473925e-05,5.0197998891027e-06,0.924947645896006,0.0750288904312578
"153",6.41973570172455e-06,1.74928217413826e-06,0.289739931514206,0.710251899467918
"154",5.08608863278743e-05,1.38405920534878e-05,0.592882841775349,0.40705245674627
"155",0.000118889099279857,3.23140732396828e-05,0.906125071008182,0.0937237258192981
"156",4.31071763694969e-05,1.17302984232441e-05,0.7366030755025,0.263342087022708
"157",1.01010181291911e-05,2.74318102001734e-06,0.984966177825163,0.0150209779756877
"158",8.61849824213855e-06,2.34477527587459e-06,0.803617693191515,0.196371343534967
"159",2.96785992025857e-05,8.07364885956712e-06,0.915836181627662,0.084126066124276
"160",1.27865159425703e-05,3.48274662865212e-06,0.772626791761583,0.227356938975846
"161",1.06877342696571e-05,2.90525650199198e-06,0.962855955366162,0.0371304516430662
"162",1.44279912439801e-06,3.93484688937516e-07,0.295790992216955,0.704207171499232
"163",6.94098932061399e-05,1.88948283061787e-05,0.372487337124275,0.627424358154212
"164",1.67121923486385e-05,4.54997191195076e-06,0.225572458933344,0.774406278902395
"165",0.000124662849915033,3.39030430383841e-05,0.464468260938622,0.535373173168425
"166",3.70858078835202e-06,1.01711414547851e-06,0.308264991348796,0.69173028295627
"167",6.81827384060582e-06,1.84944214312114e-06,0.993709942711265,0.00628138957275081
"168",1.41360288631599e-06,3.86056055404915e-07,0.308507534628255,0.691490665712803
"169",1.63459715062199e-05,4.45429736472829e-06,0.406106695739796,0.593872503991333
"170",3.48619624941979e-06,9.51139997958889e-07,0.425823064814581,0.574172497849171
"171",0.000112423770488934,3.05831816632821e-05,0.756733995879854,0.243122997167994
"172",4.69919096642639e-06,1.28397433007646e-06,0.386925593598403,0.613068423236301
"173",4.25254320862497e-06,1.162764476029e-06,0.302927518105187,0.697067066587128
"174",8.05842638056056e-07,2.20396555581307e-07,0.0714770797754994,0.928521893985307
"175",1.42675678989351e-06,3.89547299113188e-07,0.00565142893272414,0.994346754763187
"176",8.33756199754591e-07,2.27899062278659e-07,0.0386564904475779,0.96134244789716
"177",1.3454270228604e-05,3.66707973896569e-06,0.112357270125694,0.887625608524338
"178",1.65537102522745e-06,4.51816913767001e-07,0.00913747728619633,0.990860415525865
"179",1.19202734259846e-05,3.2518309745591e-06,0.313738127936275,0.686246699959325
"180",1.34920262069084e-06,3.68319031264526e-07,0.2656841295077,0.734314152970648
"181",1.78321710629386e-05,4.85702635135657e-06,0.413266157175292,0.586711153627293
"182",2.90488924206998e-05,7.92244478747285e-06,0.434148714261821,0.56581431440097
"183",4.69942140697562e-07,1.28416189929073e-07,0.214354643880759,0.78564475776091
"184",2.77331899317009e-05,7.55319850056566e-06,0.176458260666541,0.823506452945027
"185",0.00046817371484266,0.000127682444234155,0.21712941903613,0.782274724804793
"186",5.4318817131125e-07,1.48798029157262e-07,0.237651520607095,0.762347787406704
"187",1.5606809867513e-06,4.26253134505724e-07,0.301006503402179,0.6989915096637
"188",5.82915674412122e-05,1.58796458103462e-05,0.639002863895619,0.360922964891129
"189",1.09486758027972e-06,2.99334819235121e-07,0.28637486714368,0.713623738653921
"190",1.57584960888337e-05,4.29126087495099e-06,0.324773523489673,0.675206426753364
"191",1.36396433844343e-05,3.72395001253803e-06,0.307262213645046,0.692720422761557
"192",6.34093282849087e-07,1.72958270997129e-07,0.317073546218517,0.682925646729929
"193",5.86698669066749e-06,1.60524086447754e-06,0.350131083863729,0.649861443908716
"194",4.43898633227826e-05,1.20887738071973e-05,0.712585420596273,0.287358100766597
"195",4.71690076656184e-06,1.28883195603752e-06,0.393359705539146,0.606634288728131
"196",2.75027541477697e-05,7.47949792867672e-06,0.874340425732703,0.12562459201522
"197",1.55627864892339e-05,4.24051323571655e-06,0.401358620427751,0.598621576272524
"198",8.74309784751364e-07,2.4035971341762e-07,0.0787016384405651,0.921297246889937
"199",0.000102729349854628,2.79822328513622e-05,0.354654214754194,0.6452150736631
"200",0.000201323948571758,5.47286049723208e-05,0.632648764025325,0.367095183421131
"201",1.92935528396356e-05,5.24435530400359e-06,0.773819677804299,0.226155784287557
"202",9.06488086132191e-05,2.46700256450418e-05,0.851130938411281,0.148753742754461
"203",7.24541686332256e-06,1.97270132475045e-06,0.838460929098247,0.161529852783565
"204",1.67893105039449e-06,4.57931961769782e-07,0.860746032954682,0.139251830182306
"205",7.7431518121546e-05,2.11050568145563e-05,0.841636093638347,0.158265369786717
"206",4.31231813430234e-05,1.17385271123568e-05,0.881243599971362,0.118701538320182
"207",5.53952720031728e-06,1.5116965093632e-06,0.896672434653757,0.103320514122533
"208",1.90192607656199e-05,5.18427112987722e-06,0.915932108054572,0.084043688413532
"209",5.61708162170391e-05,1.55192283216447e-05,0.899621603637089,0.100306706318373
"210",2.14508579670319e-05,5.91728914620743e-06,0.0664607697936948,0.933511862059192
"211",1.6521932799803e-05,4.49896354266793e-06,0.405384309015515,0.594594670088142
"212",5.56369406233179e-06,1.51542939782524e-06,0.522371687600325,0.477621233276215
"213",6.91730121015744e-05,1.88333407796942e-05,0.643420815044827,0.356491178602292
"214",0.00159828237533376,0.000434447027108097,0.880524566956622,0.117442703640936
"215",5.28816071253119e-05,1.43811630230059e-05,0.712623101108717,0.287309636121135
"216",4.60748934309383e-05,1.25325613616934e-05,0.883718012744519,0.116223379800688
"217",1.87939785482984e-05,5.12119829242642e-06,0.58833440934631,0.411641675476849
"218",8.85433929383851e-05,2.40760341215782e-05,0.62551669795981,0.37437068261313
"219",2.9071968886938e-05,7.91304714528194e-06,0.67634787122388,0.323615143760088
"220",6.73312542124446e-05,1.83212436854733e-05,0.677302317045908,0.322612030456194
"221",4.74994869689597e-05,1.2911627858627e-05,0.891698241885201,0.108241346999972
"222",4.61913067995307e-06,1.25417324226731e-06,0.860548743664331,0.139445383031747
"223",1.31266933094099e-05,3.57325374799987e-06,0.910583532626015,0.0893997674269277
"224",7.80805894063755e-06,2.12155108749293e-06,0.982852902976823,0.0171371674131492
"225",1.47462063020108e-05,4.01324812180721e-06,0.940280745757007,0.0597004947885694
"226",1.20252906660993e-06,3.26420718140131e-07,0.995670616162588,0.00432785488762747
"227",7.76759258165649e-06,2.11227860031563e-06,0.974320855940365,0.0256692641884531
"228",2.22124097675408e-06,6.07589604929102e-07,0.886004248384566,0.113992922784852
"229",3.92337051317157e-05,1.06672531984705e-05,0.943177960995389,0.0567721380462806
"230",1.232490086004e-06,3.35917273466146e-07,0.924658681376275,0.0753397502163656
"231",1.06188662074954e-05,2.89101457930078e-06,0.943039111231832,0.0569473788873814
"232",1.19758864566367e-06,3.25032885445832e-07,0.995956939231138,0.004041538147331
"233",1.21239026673168e-05,3.29825550554915e-06,0.962483731137992,0.0375008467038353
"234",5.05012238720509e-06,1.37816076859552e-06,0.937024035103142,0.0629695366137025
"235",1.30803772027004e-05,3.55645253869552e-06,0.968507613176834,0.031475749993425
"236",8.44680857604655e-06,2.29711926896382e-06,0.9662436283486,0.0337456277235551
"237",2.81496433717771e-06,7.66074783202364e-07,0.982704763247291,0.0172916557135889
"238",0.00177389570170345,0.000485800852602907,0.0188895959632398,0.978850707482454
"239",0.0348810543702861,0.00950142955745393,0.0504031364834413,0.905214379588819
"240",0.740829388251427,0.201410153716497,0.00323647837998864,0.0545239796520873
"241",0.000462198810945895,0.00012553950442249,0.929327033232044,0.0700852284525879
"242",0.000439962169730583,0.000119622685032322,0.961974026052793,0.0374663890924444
"243",5.52367058156149e-06,1.4999929216701e-06,0.966126309198564,0.0338666671379332
"244",3.58367583175943e-07,9.73378938272198e-08,0.99714339852521,0.00285614576931282
"245",5.14393680063263e-08,1.40331258019452e-08,0.964136181597625,0.0358637529298806
"246",8.18033691754839e-07,2.23633355072336e-07,0.981034738915631,0.0189642194173219
"247",5.47423304408039e-09,1.50626960515277e-09,0.939135085753008,0.0608649072664897
"248",4.41409764739734e-07,1.208618796869e-07,0.834746943872227,0.165252493856128
"249",2.86131537211894e-08,7.9294284177918e-09,0.938257313095132,0.0617426503622858
"250",3.6251753274265e-07,9.92991152691356e-08,0.830935422810379,0.169064115372973
"251",1.15020587668692e-07,3.14170706635863e-08,0.967863731808314,0.0321361217540279
"252",1.51492251102625e-07,4.13813542327254e-08,0.978927964135478,0.0210718429909165
"253",9.60661329854095e-09,2.63955454593529e-09,0.970778279061289,0.0292217086925436
"254",1.11914971723985e-07,3.07927629629344e-08,0.992152357861921,0.00784749943034459
"255",1.73742143687416e-08,4.86627250367958e-09,0.943161432450438,0.0568385453090752
"256",0.00265590893777661,0.000724231288840428,0.0118568926988437,0.984762967074539
"257",0.000396562397003288,0.000107759025726046,0.878910980807571,0.1205846977697
"258",0.00771310890087144,0.0021193425892607,0.00478561639509233,0.985381932114776
"259",0.582759193583568,0.158596342416667,0.00408291848921152,0.254561545510553
"260",0.614608516173363,0.166986538802335,0.0621303065385885,0.156274638485714
"261",0.769505168259922,0.209172301820813,0.000228760904363278,0.0210937690149014
"262",0.778618831656754,0.211574975009598,0.00155233225785323,0.00825386107579461
"263",0.785336976630654,0.213404250742215,1.19603929615762e-05,0.0012468122341693
"264",0.786268749600148,0.213652641865565,8.30221545579144e-07,7.77783127423055e-05
"265",0.785503596195717,0.213443484111913,0.000188708736581169,0.000864210955789006
"266",0.008096587330406,0.0022013827645549,0.00916273055610687,0.980539299348932
"267",0.0103213821999884,0.00281257437040579,0.00989541898221533,0.97697062444739
"268",0.00947498934024002,0.00257486860477113,0.809900083110496,0.178050058944493
"269",0.0251680450598374,0.00688922460533045,0.00820691640935886,0.959735813925473
"270",0.00336840185765808,0.000915279492988433,0.710858465431106,0.284857853218248
"271",0.421569400836575,0.115207145319298,0.000994366340046571,0.462229087504081
"272",0.744535962714806,0.20240073402252,0.0013418766904736,0.0517214265722002
"273",0.437966703646582,0.11904554727512,0.00193537131260637,0.441052377765692
"274",0.166920550180499,0.0453523804430885,0.69690976344805,0.0908173059283629
"275",0.635365569637172,0.172900377106966,0.000810648050833017,0.190923405205029
"276",0.565205495986427,0.153580293641571,0.280261679634053,0.000952530737949071
"277",0.762833406998833,0.207554190830503,4.75619190405215e-05,0.0295648402516238
"278",0.784863839440543,0.213299218011917,9.84556967752341e-07,0.00183595799057176
"279",0.784984551615322,0.213302684868537,0.000490934298544399,0.00122182921759581
"280",0.786119065310332,0.213614572317591,9.65171393458871e-08,0.000266265854937918
"281",0.786316915678882,0.213665569121035,6.81050355966552e-08,1.74470950468512e-05
"282",0.786324594059058,0.213667640639934,1.85205492008369e-09,7.76344895262723e-06
"283",0.786294714167788,0.21365949019419,2.39017634745919e-06,4.34054616742644e-05
"284",0.786330546086463,0.213668949217134,2.03916692980203e-10,5.04492486246376e-07
"285",0.786330749282236,0.213668979019252,3.04040523875296e-10,2.71394471507697e-07
"286",0.786328347891256,0.213668490561663,1.01475982763561e-07,3.06007109759397e-06
"287",0.786302389694895,0.213661551962058,1.42637062403838e-06,3.46319724223914e-05
"288",0.78632509736468,0.213667583848824,6.62077238602521e-08,7.25257877201966e-06
"289",0.786312183310028,0.213664178297255,4.01851108002576e-07,2.3236541609287e-05
"290",0.786313511904501,0.213664528126971,7.54685955849719e-07,2.12052825723966e-05
"291",0.786328970236867,0.213668598575533,4.4167143051018e-09,2.42677088594681e-06
"292",0.786313243290685,0.213664455140417,4.53319197790806e-07,2.1848249700367e-05
"293",0.786330786848318,0.213668971489084,9.62369813054268e-11,2.41566360976751e-07
"294",0.78633008797405,0.213668839872668,2.25339540203125e-09,1.06989988598983e-06
"295",0.786320331868747,0.213666333435362,1.89396135310337e-07,1.31452997552402e-05
"296",0.786326088397084,0.213667886306613,1.73432326864348e-07,5.8518639769258e-06
"297",0.786330444922498,0.213668922984547,1.09372361162034e-09,6.30999231641808e-07
"298",0.786318964064686,0.213665972493816,2.55894955344979e-07,1.48075465426166e-05
"299",0.786329551662206,0.213668724155912,7.39524697623461e-09,1.71678663474356e-06
"300",0.786324356759295,0.213667402822691,3.8119885163715e-08,8.20229812839591e-06
"301",0.786327250525056,0.213668146184615,3.6084530990738e-08,4.56720579779147e-06
"302",0.786325738775411,0.213667746778698,4.7419915709924e-08,6.46702597511155e-06
"303",2.66286019397975e-07,7.44742147946213e-08,0.0111657640075924,0.988833895232173
"304",0.000119253652717966,3.24667036777188e-05,0.401641301236305,0.598206978407299
"305",0.00675139206015446,0.00183517878917968,0.684203243470694,0.307210185679972
"306",0.0001770745348353,4.83516615632584e-05,0.483860425235548,0.515914148568053
"307",0.0496821944555867,0.0135022654572194,0.931926413645799,0.00488912644139436
"308",6.8549717682888e-06,1.86445469225876e-06,0.705531397487166,0.294459883086374
"309",7.41530467501235e-05,2.02053693649368e-05,0.776419561262155,0.22348608032173
"310",0.00147241921494536,0.000400255523183995,0.918510842282985,0.0796164829788853
"311",0.0001267080817761,3.44465513524551e-05,0.905005160991973,0.0948336843748984
"312",5.48332705055607e-06,1.49560757928521e-06,0.787247885202409,0.212745135862961
"313",4.27869778446885e-05,1.1635378161125e-05,0.888201218341525,0.111744359302469
"314",4.47866414472571e-05,1.21883819611402e-05,0.913522624960822,0.0864204000157699
"315",9.21856256083822e-06,2.51132754975384e-06,0.859500408020852,0.140487862089037
"316",2.64499973137034e-05,7.19160962810759e-06,0.927801960964792,0.0721643974282664
"317",1.84933038937674e-05,5.03312056035158e-06,0.945348798178069,0.0546276753974764
"318",1.01056512305737e-05,2.74937220972523e-06,0.918661039474698,0.0813261055018617
"319",5.51149264167574e-06,1.50194351201068e-06,0.937672828661827,0.0623201579020192
"320",3.19263492327828e-06,8.69436194936706e-07,0.9576300316316,0.0423659062972823
"321",6.34602074282212e-06,1.72536164960775e-06,0.979658673289023,0.0203332553285842
"322",4.76111584001752e-06,1.29709861793776e-06,0.96736334227245,0.032630599513092
"323",0.000125292824254526,3.40839762985548e-05,0.982911620699702,0.016929002499745
"324",4.69187309495018e-06,1.27665827101074e-06,0.97791825845258,0.022075773016054
"325",1.16396797217822e-07,3.38217198343269e-08,0.00714051126599031,0.992859338515493
"326",0.00494418538473199,0.00134631926189684,0.105822705075749,0.887886790277623
"327",1.95486751888895e-05,5.30477184080142e-06,0.991436795168627,0.00853835138434336
"328",0.0319823614581025,0.00870201165304915,0.130717056672067,0.828598570216781
"329",0.735392572382226,0.199942543139985,0.00531794633372718,0.0593469381440617
"330",0.000237194421166366,6.44190682160574e-05,0.749534679714925,0.250163706795693
"331",0.000106290467489555,2.89092640161449e-05,0.829020652246958,0.170844148021536
"332",6.67614686467585e-05,1.81568418972541e-05,0.798059516071632,0.201855565617824
"333",5.11803918099916e-05,1.3921928264951e-05,0.896539529859783,0.103395367820142
"334",1.32700380450747e-07,3.82614843871411e-08,0.00661261331646666,0.993387215721668
"335",0.00107160917472353,0.000291344595713936,0.639979976611164,0.358657069618399
"336",2.24941485211051e-06,6.41604752176776e-07,0.00475515051582598,0.99524195846457
"337",0.112151935893395,0.0304889208548621,0.253089379655463,0.604269763596279
"338",2.2390186576199e-06,6.20193480400405e-07,0.00431172925679092,0.995685411531071
"339",0.00272399514105689,0.000740090610188129,0.961290011757688,0.0352459024910667
"340",9.93308007858396e-06,2.83446063532135e-06,0.0015508877284161,0.99843634473087
"341",0.478366201184229,0.13005705739634,0.0676917395851,0.32388500183433
"342",0.778598850830594,0.211602269432567,0.000315722744087767,0.00948315699275194
"343",0.451986529748472,0.122818028768389,0.411154329154281,0.0140411123288574
"344",8.68704182266033e-07,2.47323721328396e-07,0.00139807676377577,0.998600807208321
"345",0.000112632768796109,3.06046096385116e-05,0.863409071166694,0.136447691454872
"346",2.30521450253849e-05,6.26806188786908e-06,0.92041020971991,0.0795604700731768
"347",3.16808831412313e-05,8.61651610182842e-06,0.905400136437319,0.0945595661634381
"348",1.86837150242413e-09,5.29040074932427e-10,0.00106380925807731,0.998936188344511
"349",4.94000373440284e-08,1.40052212076453e-08,0.00103464212418454,0.998965294470557
"350",0.000683913891915421,0.000186395631856824,0.0260763034894657,0.973053386986762
"351",0.0711326188239136,0.0193332163159779,0.766621686516591,0.142912478343517
"352",0.00093893956477923,0.000255815354110891,0.025151417841921,0.973653827239189
"353",0.214346968819185,0.0583284603633632,0.0118192845568568,0.715505286260595
"354",0.784886746564792,0.213307071451872,5.82146461870082e-06,0.0018003605187179
"355",0.219422290131963,0.059618033171058,0.0147829179270216,0.706176758769957
"356",0.134663381406901,0.0365898793961142,0.22590213969142,0.602844599505565
"357",0.653985574306308,0.177986059635663,0.00491898028729426,0.163109385770735
"358",0.786227905426778,0.213649924720218,6.72346823856898e-08,0.000122102618321432
"359",0.000121669740698422,3.31044168556248e-05,0.0661063580952283,0.933738867747218
"360",5.98080132394121e-05,1.6275465995807e-05,0.515205198337605,0.484718718183159
"361",1.57074524520098e-05,4.27681364270588e-06,0.101601828825517,0.898378186908388
"362",0.000495058496136307,0.000134877010326228,0.303135596410945,0.696234468082592
"363",4.43998122136817e-05,1.2075066641331e-05,0.549439667266952,0.450503857854193
"364",0.000170275043588414,4.63111570859713e-05,0.765285849334465,0.234497564464861
"365",5.86156876960731e-05,1.59569420580019e-05,0.722900367306176,0.27702506006407
"366",1.04368650988897e-05,2.83447254955112e-06,0.9839100061445,0.0160767225178512
"367",7.7226028313516e-05,2.1002122774112e-05,0.878935071543535,0.120966700305377
"368",3.80438522827452e-05,1.03678223661451e-05,0.156157235305576,0.843794353019775
"369",0.000159548304948636,4.33726466231256e-05,0.56171520221005,0.438081876838378
"370",4.6884234250405e-05,1.274656716838e-05,0.892188757442668,0.107751611755913
"371",0.000453465004784516,0.000123486526727582,0.1857339371405,0.813689111327988
"372",0.00195264647993723,0.000532542373243272,0.176481182582463,0.821033628564356
"373",4.83341594275482e-05,1.31554175639352e-05,0.431438200671569,0.568500309751439
"374",0.0228887851252863,0.00624205043038615,0.162451096671298,0.80841806777303
"375",0.765374958801466,0.20810849155716,0.000463693185162568,0.0260528564562117
"376",1.09178560286201e-05,2.95654498005355e-06,0.996406080333471,0.00358004526552017
"377",3.19289026848346e-07,9.02913641031476e-08,0.00262623197805343,0.997373358441556
"378",0.0073688370064529,0.00200298852708024,0.730337466366279,0.260290708100188
"379",7.03300728611806e-09,1.96302025625566e-09,0.00418926672524581,0.995810724278727
"380",1.4998887553428e-07,4.16198506841601e-08,0.0288256763392339,0.97117413205204
"381",0.000143699866802497,3.90978582119893e-05,0.476823449755883,0.522993752519102
"382",0.000345958359374035,9.40645366310234e-05,0.784933550697331,0.214626426406664
"383",0.000304440997777385,8.27601525456835e-05,0.830533507019457,0.16907929183022
"384",2.23341515857202e-07,6.25360746793369e-08,0.0378472680618839,0.962152446060526
"385",4.01905261392134e-06,1.09265742166465e-06,0.534778239583784,0.465216648706181
"386",1.20885378365922e-05,3.30638427924306e-06,0.590039303599882,0.409945301478002
"387",0.000133600458398041,3.63106304947824e-05,0.912110228233418,0.0877198606776889
"388",1.93582060211683e-05,5.26840959723239e-06,0.703597552340668,0.296377821043713
"389",0.00010864514927339,2.95774003746089e-05,0.799839288808865,0.200022488641487
"390",0.000100717170765415,2.73967899533519e-05,0.714219741557013,0.285652144482268
"391",6.24175455505776e-06,1.70196865746057e-06,0.645707704304769,0.354284351972018
"392",2.18751380493733e-05,5.96085653447496e-06,0.716176045827482,0.283796118177935
"393",5.95356024384627e-05,1.61805664850806e-05,0.940697105605771,0.0592271782253049
"394",1.54600431508578e-05,4.20653100713152e-06,0.765249710831395,0.234730622594447
"395",2.18169515376681e-05,5.93005564893177e-06,0.922235063738562,0.077737189254251
"396",3.00686471585522e-05,8.19453673649266e-06,0.749442808879868,0.250518927936237
"397",3.35718198996824e-05,9.13089486517331e-06,0.828058281626213,0.171899015659022
"398",8.60645433423065e-06,2.33951124786047e-06,0.934914595794465,0.0650744582399534
"399",6.27104353900949e-06,1.70880059589092e-06,0.939424293604645,0.0605677265512203
"400",3.41745164197831e-06,9.29017254542654e-07,0.985508736606869,0.0144869169242344
"401",1.55069480657131e-05,4.21764621078153e-06,0.883924734011014,0.116055541394709
"402",0.000301749818696344,8.20932579319688e-05,0.954672436898807,0.0449437200245648
"403",3.38387665771948e-06,9.21819155940921e-07,0.851499064897728,0.148496629406458
"404",3.55535183601292e-06,9.69816441177552e-07,0.764351851091081,0.235643623740642
"405",5.96986948191863e-06,1.64292011878233e-06,0.0488315275637938,0.951160859646605
"406",5.68789570565054e-05,1.54708102338043e-05,0.505262071444562,0.494665578788148
"407",0.000101778645192244,2.76897028284862e-05,0.72487869180483,0.27499183984715
"408",6.14736324436394e-05,1.67169122200042e-05,0.860056963526442,0.139864845928895
"409",1.53354968002321e-05,4.16909418590289e-06,0.961844064136545,0.0381364312724689
"410",2.06882282125336e-05,5.62543353949858e-06,0.699139756382766,0.300833929955482
"411",7.03100024095957e-05,1.91427548497934e-05,0.809207788810769,0.190702758431972
"412",4.365821713281e-06,1.19081202277217e-06,0.648235678932906,0.351758764433358
"413",3.44948922375314e-06,9.44166346488546e-07,0.62083183378842,0.37916377255601
"414",3.79347101797076e-06,1.03413684722583e-06,0.118945458521896,0.881049713870239
"415",1.33066853307207e-06,3.60567409566558e-07,0.996186609555283,0.00381169920877393
"416",0.000130670273455639,3.60618098693972e-05,0.0538996340122062,0.945933633904469
"417",0.687056942457944,0.186728518741791,0.044332766463742,0.081881772336523
"418",3.47304167637596e-06,9.45362181988833e-07,0.0976428975404548,0.902352684055687
"419",1.4936342432698e-06,4.0653536911285e-07,0.27214047945333,0.727857620377057
"420",1.40018553629611e-06,3.8213964042674e-07,0.287007042872493,0.712991174802331
"421",4.79984051515422e-05,1.3066844413873e-05,0.309067824352869,0.690871110397566
"422",7.74522264183189e-05,2.10635816032599e-05,0.477270320939474,0.522631163252504
"423",3.26619216928329e-05,8.88738055220861e-06,0.115964517526661,0.883993933171094
"424",1.16236379395412e-05,3.17777763031676e-06,0.337880374211417,0.662104824373013
"425",8.72271677603367e-07,2.35659002833114e-07,0.999024933552548,0.000973958516771525
"426",1.11642841858266e-05,3.0423710574366e-06,0.387565571122053,0.612420222222704
"427",6.21432587540591e-05,1.69174404916246e-05,0.33433017126725,0.665590768033504
"428",0.00016528352975583,4.49638315029377e-05,0.714921814826966,0.284867937811775
"429",5.79117867279675e-06,1.5866666217506e-06,0.35474049211832,0.645252130036385
"430",0.000290896124584217,7.91114699318388e-05,0.692661956105107,0.306968036300377
"431",4.39862809301252e-06,1.19800986430235e-06,0.518853888772519,0.481140514589523
"432",0.000161554856701449,4.39318553351037e-05,0.811642744639151,0.188151768648812
"433",1.86008585093739e-06,5.09139610021987e-07,0.546173287554303,0.453824343220236
"434",0.000141927510232998,3.8602506339016e-05,0.798723900886156,0.201095569097272
"435",1.4671494174642e-06,4.00339696420721e-07,0.561698201629366,0.43829993088152
"436",5.3516158917133e-05,1.45830758546298e-05,0.574237609174737,0.425694291590492
"437",3.55911785240751e-06,9.7051748827869e-07,0.613680030104787,0.386315440259873
"438",6.68050489789245e-05,1.81807130995096e-05,0.766640285848766,0.233274728389156
"439",3.03195931571442e-05,8.27315366472752e-06,0.62089780565288,0.379063601600298
"440",1.64340091401988e-06,4.50555239197716e-07,0.152046395925671,0.847951510118175
"441",5.55580347564035e-05,1.51031060456354e-05,0.748518586648772,0.251410752210426
"442",9.7354160968567e-05,2.64850738885447e-05,0.854381317514944,0.145494843250199
"443",2.6638297653544e-05,7.24483212998093e-06,0.890501327103463,0.109464789766753
"444",2.45016803949247e-05,6.67050356737369e-06,0.921402474413105,0.0785663534029325
"445",0.000294067313861058,8.01068736293141e-05,0.914673736817719,0.0849520889947909
"446",8.50319145778014e-07,2.32949273164905e-07,0.186467813841861,0.81353110288972
"447",5.32659681484637e-07,1.45338022747904e-07,0.217271375231821,0.782727946770475
"448",7.51582178700254e-06,2.06277249420317e-06,0.302385035436835,0.697605385968884
"449",6.81139124685143e-05,1.85338672222531e-05,0.634635233672046,0.365278118548264
"450",0.000127656926762839,3.4734448447225e-05,0.789528872419291,0.210308736205499
"451",4.71861632385286e-05,1.28227011935769e-05,0.946751607053335,0.0531883840822326
"452",0.000152297578524474,4.14267708747404e-05,0.583037247481518,0.416769028169083
"453",4.85210478643153e-05,1.31855147904514e-05,0.940729026539179,0.0592092668981666
"454",3.95681628614898e-05,1.07635911831638e-05,0.557637438119578,0.442312230126378
"455",4.28113152719358e-06,1.17095547597128e-06,0.196109866996138,0.803884680916859
"456",2.3004606543075e-06,6.31670606293e-07,0.18567364121617,0.814323426652569
"457",0.00227038894851789,0.000616975735875365,0.927781284162977,0.0693313511526301
"458",2.39319304500838e-06,6.58122162336758e-07,0.17053175598509,0.829465192699702
"459",7.62324284932187e-07,2.08450044639674e-07,0.104582860349161,0.895416168876509
"460",0.000100224384184449,2.73025489606408e-05,0.103549998571278,0.896322474495577
"461",0.00216044275470215,0.000587771915356903,0.0706306653331735,0.926621119996767
"462",0.0288222619357139,0.00785158753052478,0.0848208347785408,0.878505315755221
"463",1.95442146954833e-06,5.37595300807384e-07,0.110950410233408,0.889047097749822
"464",1.28743206825179e-06,3.54284503276081e-07,0.106698504116324,0.893299854167104
"465",0.000351428119369544,9.58098115996895e-05,0.11381598368214,0.885736778386891
"466",0.00403317897509925,0.00109897114794238,0.0610172888369373,0.933850561040021
"467",0.778944348712687,0.211823819996557,1.81889870498261e-05,0.00921364230370625
"468",0.000767377513925876,0.000208588657210857,0.139918181653527,0.859105852175337
"469",3.99396267518809e-06,1.0884039643797e-06,0.183222166213135,0.816772751420226
"470",5.70161623835791e-05,1.55198565384989e-05,0.293949892212606,0.705977571768472
"471",2.42253513211396e-06,6.60486636283527e-07,0.264649794504168,0.735347122474064
"472",2.81379665579172e-05,7.66756607306029e-06,0.312298149119487,0.687666045347883
"473",5.43217233531685e-06,1.48097940183702e-06,0.401850125711657,0.598142961136606
"474",1.39460328158426e-05,3.79822542094671e-06,0.401595101902253,0.59838715383951
"475",1.13709831634257e-06,3.09393486942177e-07,0.711556695584784,0.288441857923412
"476",9.95742211593304e-06,2.71473104173753e-06,0.877864110940917,0.122123216905925
"477",1.1594626973242e-07,3.18843251544413e-08,0.728206804413685,0.27179304775572
"478",1.10589926525875e-06,3.04483570337153e-07,0.707551316680497,0.292447272936667
"479",7.42178958777087e-06,2.02849450052054e-06,0.851688642593377,0.148301907122535
