"","(1,R1)","(2,R1)","(3,R1)","(4,R1)"
"1",6.39992159593961e-05,9.18957390332245e-06,0.511421280440307,0.48850553076983
"2",2.60314066234249e-05,2.93314928579104e-06,0.520949527854116,0.479021507589975
"3",0.00306331330955288,0.000998935269124407,0.487176157624002,0.508761593797321
"4",0.000100195345733932,4.18546210921494e-05,0.319612151528047,0.680245798505127
"5",4.87037760743677e-05,1.85075515977589e-05,0.28548058529112,0.714452203381208
"6",0.00037799089640488,0.00017097241103295,0.12479403739142,0.874656999301143
"7",4.73134866033463e-06,2.551237094213e-07,0.556708183058181,0.443286830469449
"8",0.000169638716348597,5.24959474743963e-05,0.462252583542541,0.537525281793637
"9",0.000660385336849422,0.000166282119247361,0.385029829466014,0.614143503077889
"10",0.000651352793240877,0.000347085010478398,0.143348933433746,0.855652628762535
"11",4.29497360168781e-07,5.18182978885526e-09,0.63853728278927,0.36146228253154
"12",1.91635141943591e-07,1.18893567704123e-09,0.635974541790867,0.364025265385056
"13",2.2690394032342e-07,1.83480690229562e-09,0.632329846121851,0.367669925139401
"14",1.87578679587822e-06,4.66390212217993e-08,0.625572349612619,0.374425727961564
"15",6.28889802822846e-05,8.7296785479669e-06,0.639868225847792,0.360060155493378
"16",9.8997540790885e-05,2.02015249639538e-05,0.90835844995806,0.0915223509761854
"17",3.14803960627649e-05,1.07232981223616e-05,0.5207785680903,0.479179228215515
"18",2.84975126076284e-05,3.86687496910497e-06,0.590199335886512,0.409768299725911
"19",0.000178085989342824,2.05661779296178e-05,0.60403324938473,0.395768098447998
"20",0.00284982077263764,0.000318032886510056,0.669203295787235,0.327628850553617
"21",0.000441859415054608,0.000162255729578816,0.623282306906152,0.376113577949214
"22",0.000719651270211938,0.000241693427157883,0.484872868060159,0.514165787242472
"23",0.000799326286546776,0.000370785136236001,0.224253297655927,0.77457659092129
"24",0.00864218915065319,0.00250301850569512,0.598606741940058,0.390248050403594
"25",0.0104673547790669,0.00373529844958073,0.751993271126645,0.233804075644708
"26",0.0218907288481515,0.00801949279287017,0.82302443349125,0.147065344867729
"27",0.0191105527219134,0.0062196136621337,0.907618274374812,0.0670515592411411
"28",1.31302234428819e-06,2.39185366526514e-08,0.635678709322261,0.364319953736858
"29",1.17010460452543e-05,6.42098628388765e-07,0.690555375730146,0.30943228112518
"30",4.97086464298154e-05,5.58391859360024e-06,0.963978823014337,0.0359658844206392
"31",2.46053248083864e-06,8.23148512796422e-08,0.706818936375542,0.293178520777126
"32",0.000120443478213888,2.50904503235648e-05,0.774830222856508,0.225024243214955
"33",2.52460224422997e-06,4.39638044054805e-08,0.970154107780593,0.0298433236533584
"34",4.79123682845654e-06,1.57815505795699e-07,0.697397822025501,0.302597228922165
"35",4.71851725632782e-05,1.44685690259708e-05,0.566678788295423,0.433259557962988
"36",1.29545161572591e-05,9.35614542552987e-07,0.699176957563722,0.300809152305579
"37",1.31134850147921e-06,1.40072182940685e-06,0.0447842078388314,0.955213080090838
"38",1.76150260142553e-05,1.05896595554044e-06,0.867585786686221,0.132395539321809
"39",1.9448133347606e-06,3.22849254547465e-08,0.921211131197445,0.0787868917042951
"40",2.13730857822796e-05,1.57576942007196e-06,0.975382959094682,0.0245940920501159
"41",1.46385241908659e-06,2.02764336713304e-08,0.91989827098916,0.0801002448819874
"42",2.12044986773088e-05,1.52874562815035e-06,0.965762196939203,0.034215069816492
"43",1.53206111867337e-05,1.59179261916818e-06,0.837430709419694,0.1625523781765
"44",3.20498558994121e-06,1.60138871605203e-07,0.592650621975351,0.407346012900187
"45",1.84731071209622e-05,3.20671162430148e-06,0.503860685717382,0.496117634463873
"46",2.59011930924737e-05,4.17982718991728e-06,0.410644557698294,0.589325361281424
"47",6.69098668617761e-06,4.91604850324222e-07,0.610594598865637,0.389398218542826
"48",9.07280431216554e-06,1.53569057002247e-06,0.482057770203015,0.517931621302102
"49",4.51484045589666e-05,8.0428473404589e-06,0.7327896204721,0.267157188276001
"50",9.65386316958382e-06,1.91899445840866e-06,0.280576068241614,0.719412358900758
"51",2.32874269225648e-06,1.03559436687411e-06,0.0703919517904246,0.929604683872516
"52",0.000140793788480177,7.18067947273272e-06,0.662298630971132,0.337553394560915
"53",0.00604468866018632,0.000723316040542872,0.704290648693047,0.288941346606224
"54",0.0240475604857694,0.00762140871125593,0.79755554103647,0.170775489766505
"55",0.0190976708480148,0.00592342609581042,0.715511422946195,0.25946748010998
"56",1.14587849909527e-05,7.61421461624557e-07,0.733487689336234,0.266500090457313
"57",6.02029680886922e-06,1.83201859603013e-06,0.564421603195481,0.435570544489114
"58",1.73662154660428e-06,3.65858178159038e-08,0.766793245531529,0.233204981261106
"59",1.52387493202827e-05,1.18480205185758e-06,0.772419518038302,0.227564058410325
"60",1.047430954845e-05,2.02638064202475e-06,0.658443875032969,0.341543624276841
"61",3.4109552947844e-06,1.14992850055056e-07,0.795983520016719,0.204012954035137
"62",1.3311933535309e-05,1.40880879462127e-06,0.734606921386909,0.265378357870761
"63",4.6180818022741e-06,1.30414984440499e-07,0.910656106249494,0.0893391452537191
"64",3.02157047801657e-06,7.51450333843857e-08,0.911415441232323,0.0885814620521658
"65",1.99690517789011e-06,2.45015589338104e-07,0.809993469001302,0.190004289077931
"66",1.31119827373996e-05,3.65365085394717e-07,0.634736938415393,0.365249584236784
"67",0.0124042709804659,0.00283740951415386,0.692043650266154,0.292714669239227
"68",1.31355216817753e-06,3.20559921936787e-08,0.62574877935382,0.374249875038019
"69",1.47968148097234e-06,1.85460472098301e-06,0.0332943458560412,0.966702319857757
"70",3.87403857855378e-08,1.62895686633321e-10,0.624565869436278,0.37543409166044
"71",7.21321279056822e-07,9.35927952936119e-09,0.619912626675443,0.380086642643998
"72",3.78427946316813e-05,1.49997397735174e-05,0.250035264006596,0.749911893458999
"73",3.39765360656456e-06,3.89212890113902e-08,0.626250505009713,0.373746058415392
"74",7.15287452451846e-07,1.20391007054371e-08,0.613401370526254,0.386597902147193
"75",2.74215003322724e-05,2.945898248701e-06,0.530471618216439,0.46949801438498
"76",1.21325696581469e-05,5.68967235222447e-06,0.136101108052497,0.863881069705492
"77",1.68281913922696e-05,2.03617905572737e-07,0.646234324961428,0.353748643229274
"78",0.0357313889659569,0.0214068602495321,0.318500941365882,0.624360809418629
"79",1.7661607647969e-06,4.66080506317117e-08,0.667516980479617,0.332481206751568
"80",6.63729471627656e-06,1.99162197786125e-07,0.67882637905526,0.321166784487826
"81",0.000126863601652945,3.18004032788235e-05,0.711879908252319,0.28796142774275
"82",0.00013283011612474,3.33307194144479e-05,0.843130510035488,0.156703329128973
"83",2.65090956751806e-05,2.79434349192242e-06,0.819729207579412,0.18024148898142
"84",2.98463372499425e-05,2.64618794204043e-06,0.971678951582357,0.028288555892451
"85",7.3726176266518e-06,4.06217967434887e-07,0.836666501020488,0.163325720143918
"86",2.26748216070352e-05,4.49299712558124e-06,0.702685609416959,0.297287222764308
"87",3.18050410553065e-05,2.77547135185849e-06,0.886319203603427,0.113646215884166
"88",0.00233364372171138,0.000291181173225927,0.689712251205433,0.30766292389963
"89",0.000933139250003515,0.00040001475419064,0.426524019022831,0.572142826972975
"90",0.0201496732238851,0.0094909914252907,0.32238214497223,0.647977190378594
"91",6.5303698660775e-05,2.8790823856452e-05,0.287780857093896,0.712125048383587
"92",1.38575521087145e-05,4.26267418484317e-06,0.182597629471619,0.817384250302087
"93",0.0657324719769321,0.00688050666207036,0.840759824987703,0.0866271963732946
"94",0.0005330627192308,9.45525678235531e-05,0.89441055844634,0.104961826266606
"95",0.787603186791203,0.0951665284016316,0.111631058855712,0.00559922595145304
"96",0.720417531450727,0.263981036241939,0.0151230568006522,0.000478375506682685
"97",0.606355370734657,0.391498585775709,0.00208742141372011,5.86220759139578e-05
"98",3.58842729156443e-07,2.10595634526193e-09,0.626542410007947,0.373457229043367
"99",7.44621463417479e-05,2.65692187339118e-05,0.414141318512895,0.585757650122029
"100",2.9567913714584e-08,5.46951988433334e-11,0.633895062529669,0.366104907847723
"101",1.09001178509643e-06,1.50949095454306e-08,0.649637100379906,0.3503617945134
"102",7.63813191044397e-06,4.65801444162182e-07,0.647622538725031,0.352369357341615
"103",1.73951061002583e-05,7.07774548969206e-06,0.196592999273948,0.803382527874462
"104",7.74561417604894e-06,3.54341862865307e-07,0.724006744573337,0.275985155470624
"105",5.38152228779468e-05,1.47138867226969e-05,0.605047286022054,0.394884184868345
"106",1.07436552693134e-05,4.27700815212801e-07,0.896278605171489,0.103710223472426
"107",0.00078598070975311,0.000141302786577033,0.91374224813313,0.0853304683705399
"108",6.2302824603695e-06,2.05260259541383e-07,0.926650202889603,0.0733433615676775
"109",4.49103163759673e-05,4.67868703380691e-06,0.935353807289006,0.0645966037075844
"110",4.5170257005214e-05,5.71587592818119e-06,0.956222925463488,0.043726188403579
"111",3.69986874046063e-06,1.21850930316744e-07,0.673725385145804,0.326270793134525
"112",0.000134702193537648,3.40674862592172e-05,0.845679115354739,0.154152114965464
"113",4.14110454787924e-06,1.24418030169584e-07,0.671697109909965,0.328298624567457
"114",1.21813082891397e-05,5.76282236364439e-06,0.151115769268734,0.848866286600613
"115",5.63399508579784e-06,2.05125005029208e-07,0.743929407012402,0.256064753867507
"116",9.69515996274189e-05,2.02636289589389e-05,0.862929139308859,0.136953645462555
"117",1.34851175298823e-06,3.23518504642532e-08,0.766706214663698,0.233292404472698
"118",5.86710526291075e-05,8.34628119484365e-06,0.775506532855876,0.2244264498103
"119",4.72563714761856e-06,1.10748145198961e-07,0.766211121648415,0.233784041966292
"120",9.37417156130036e-06,8.58547612123576e-07,0.726949316205156,0.27304045107567
"121",2.30117011305617e-05,1.82798975698992e-06,0.959606307262349,0.0403688530467635
"122",1.98212766461507e-05,2.92550101299896e-06,0.574512529547009,0.425464723675332
"123",4.4665426031389e-08,8.82927409737866e-11,0.63524667239416,0.364753282852121
"124",1.39384056712701e-06,3.08381464351066e-07,0.294516509396964,0.705481788381004
"125",6.04443575958183e-06,6.70222453707264e-07,0.33548634535403,0.664506939987757
"126",2.87333146353747e-05,6.42096578438968e-06,0.394166825596301,0.605798020123279
"127",2.68732015021845e-05,4.73145708992432e-06,0.377647944202454,0.622320451138954
"128",2.05490345538462e-07,3.74705054718048e-08,0.13666874596274,0.863331011076409
"129",8.86036203788574e-06,2.51108716130255e-06,0.116956069819397,0.883032558731404
"130",1.18976015400974e-07,5.0319090766796e-09,0.120060724883085,0.879939151108991
"131",1.44283949575631e-06,1.72510147155284e-07,0.0918989951533681,0.908099389496989
"132",5.69799854513599e-07,1.66744752865998e-07,0.0396845031724778,0.960314760282915
"133",8.61986978293727e-07,2.10466574754381e-07,0.0339070875584229,0.966091839988024
"134",6.88102103183618e-07,2.15107047953145e-07,0.0288834595594395,0.971115637231409
"135",1.34521523052199e-06,1.11102568951187e-07,0.184723371683463,0.815275171998738
"136",4.34062204186953e-06,1.22887887514215e-06,0.361133341918002,0.638861088581081
"137",8.06540008596446e-07,3.57742408277664e-08,0.200211384757807,0.799787772927944
"138",1.9166200960399e-05,2.40374152034177e-06,0.449352585659165,0.550625844398354
"139",5.50137749142348e-06,1.05593681659295e-06,0.172190905988603,0.827802536697089
"140",1.02905078470732e-07,1.44951466872206e-07,0.0115996519895861,0.988400100153869
"141",0.000147250312686571,2.21411082910285e-05,0.386865395079008,0.612965213500014
"142",3.65239525886228e-08,4.36505931190698e-11,0.669916268624459,0.330083694807938
"143",1.47089143428973e-06,8.22462752754019e-08,0.602754468274575,0.397243978587715
"144",8.96819826994789e-06,5.26246511377664e-07,0.74766716458609,0.252323340969129
"145",0.000102252127476191,2.15908436047458e-05,0.850407431496633,0.149468725532286
"146",3.07940300534289e-06,1.02184109114532e-07,0.769056638152257,0.230940180260628
"147",7.43434303603497e-05,1.20730419566823e-05,0.843064758625109,0.156848824902574
"148",4.47163936768337e-06,1.62891351216729e-07,0.747058321037967,0.252937044431314
"149",3.2368063486142e-05,7.64813804039489e-06,0.627476020189736,0.372483963608737
"150",5.82441941216806e-06,3.0170147262552e-07,0.742847659831972,0.257146214047143
"151",2.21628839740066e-05,3.49630980049545e-06,0.667365989628746,0.33260835117748
"152",2.9613609151065e-05,3.35388973057033e-06,0.792507279355478,0.20745975314564
"153",1.14734521364881e-06,1.40543121469679e-07,0.319872970001989,0.680125742109675
"154",3.73110147551835e-06,5.42980315184268e-07,0.246188411220586,0.753807314697623
"155",2.17068329889905e-05,5.77414513587962e-06,0.376837161930487,0.623135357091389
"156",3.24851765200803e-06,4.63088482730862e-07,0.176467786800013,0.823528501593852
"157",8.07933852121288e-08,1.85931446797517e-07,0.00826090199485005,0.991738831280318
"158",1.13139246203905e-06,1.28787481617069e-07,0.173132207999894,0.826866531820163
"159",1.27904382414316e-06,3.82638954601106e-07,0.0616643219481373,0.938334016369084
"160",4.42279106176511e-06,2.96728585013956e-07,0.327998883824266,0.671996396656087
"161",3.10227808655444e-06,5.73841318530823e-07,0.364446280764784,0.63555004311581
"162",3.32697378924601e-07,5.25360977390042e-08,0.229657104887629,0.770342509878895
"163",1.38929412889915e-05,1.291976616723e-06,0.43586339376805,0.564121421314045
"164",9.74033565200367e-06,5.39375407586827e-07,0.887287397761727,0.112702322527213
"165",3.8756866666314e-05,6.4734818791379e-06,0.648790593564306,0.351164176087148
"166",4.20723736444242e-07,3.54256269481479e-08,0.172498373895978,0.827501169954659
"167",1.16505926331207e-08,9.00773242548878e-08,0.00270211173133767,0.997297786540746
"168",1.82778173489881e-07,1.1942052472896e-08,0.12138187101516,0.878617934264614
"169",7.98433513883221e-07,6.14166045097944e-08,0.114592571147804,0.885406569002078
"170",2.78360037919311e-07,1.02023499376679e-08,0.134644790379526,0.865354921058086
"171",1.92299985953358e-06,4.58136736796131e-07,0.0695591067328697,0.930438512130534
"172",8.93460822142466e-07,1.76199416495992e-08,0.279995337565075,0.720003751354161
"173",2.3739085754671e-06,3.7539016228824e-08,0.626372887074235,0.373624701478173
"174",2.41136971328281e-06,3.64317017976523e-08,0.826819658351617,0.173177893846968
"175",5.07179577215403e-06,1.05808660647287e-07,0.988887184497607,0.0111076378979603
"176",1.77541336385239e-06,2.97390792221251e-08,0.863643805058891,0.136354389788666
"177",4.18266243674292e-06,4.4934579624976e-07,0.782279407477925,0.217715960513842
"178",5.35387112058745e-06,1.21597814002266e-07,0.970057040831042,0.0299374837000231
"179",8.72362575474112e-07,6.63060731263733e-08,0.114208834427021,0.885790226904331
"180",2.21420362969501e-07,9.24978621389888e-09,0.13604192537472,0.863957843955131
"181",1.68634077770897e-06,8.83871355563334e-08,0.285952473056967,0.71404575221512
"182",4.19602711378334e-06,3.07647287336489e-07,0.30384468839502,0.696150807930579
"183",1.23477927244763e-07,8.22824052334908e-09,0.131016739122486,0.868983129171346
"184",1.28710519512783e-05,1.09734799803864e-06,0.324983148844679,0.675002882755371
"185",0.000246949418065932,2.23170464009947e-05,0.342538394351744,0.657192339183789
"186",5.67879144412826e-08,1.57762099859165e-09,0.114278380254805,0.88572156137966
"187",1.01957707212654e-07,3.56254520705585e-09,0.132318085339247,0.867681809140501
"188",6.10457772733349e-07,1.12354977875422e-07,0.0595035637757561,0.940495713411493
"189",3.28898248865835e-07,3.00899078863669e-09,0.31714711775181,0.68285255034095
"190",2.26478658144971e-06,3.5586548216621e-07,0.349005144331924,0.650992235016012
"191",3.99559308951627e-06,1.02194967347448e-07,0.61723229651999,0.382763605691953
"192",4.25100781483418e-08,1.58612998002694e-09,0.111158043935145,0.888841911968647
"193",4.28309862486385e-07,7.90596195413537e-09,0.180220363172651,0.819779200611525
"194",1.920918201162e-06,1.79337395665409e-07,0.222300339306828,0.777697560437576
"195",1.6086553189608e-07,1.02859822590839e-08,0.0856380512175434,0.914361777630943
"196",8.98469396959548e-08,5.61712528445308e-08,0.0132459195787873,0.98675393440302
"197",1.05754357826047e-06,1.02038183799925e-07,0.149250608494661,0.850748231923577
"198",2.02032854592088e-07,4.33605839853084e-10,0.89117284034229,0.108826957191249
"199",2.18202771479677e-05,1.41701916667145e-06,0.890274205565145,0.10970255713854
"200",5.48786681501468e-05,1.82455248931953e-05,0.609731529654262,0.390195346152694
"201",7.48903540468717e-06,2.87020582174858e-07,0.956634775237456,0.0433574487065568
"202",8.06008421709462e-05,1.13788835146584e-05,0.937939158996302,0.0619688612780126
"203",6.18569561945158e-06,1.19445149486814e-07,0.970589487410885,0.0294042074483466
"204",1.3274986374031e-06,1.34630905328554e-08,0.97587109492548,0.0241275641127918
"205",9.81212055648421e-05,6.57476939062896e-06,0.937935419668364,0.0619598843566801
"206",3.36957217272235e-05,5.03047297430434e-06,0.873543191824255,0.126418081981044
"207",5.41864414050088e-06,1.37543391249968e-07,0.981931747140499,0.0180626966719689
"208",3.10707744657989e-05,2.20690485726448e-06,0.973822181715356,0.026144540605321
"209",0.000104225448062652,2.37511331907318e-06,0.979750569973376,0.0201428294652418
"210",4.46582753476873e-06,2.32668430309295e-08,0.963999046195817,0.0359964647098048
"211",4.25227542001616e-06,8.17710076984418e-08,0.981416568513901,0.0185790974396713
"212",2.91735497591709e-06,5.11761546315958e-08,0.981659861476629,0.0183371699922409
"213",3.87460919782583e-05,3.31361556545781e-06,0.96435157480183,0.0356063654906261
"214",0.0014590816559192,0.000386143093107238,0.901862126686443,0.0962926485645305
"215",3.80864299264448e-05,4.08554010264498e-06,0.96198485767685,0.0379729703531205
"216",3.18404940835426e-05,3.10394145881104e-06,0.971592535526485,0.0283725200379726
"217",1.22240802558913e-05,5.07220612722834e-07,0.97366868387781,0.0263185848213217
"218",6.1276474161615e-05,9.08453332274419e-06,0.96587237417127,0.0340572648212452
"219",1.91942841446663e-05,1.36412663425304e-06,0.960265705083264,0.039713736505957
"220",5.8730191320821e-05,7.9546020500187e-06,0.95317871076864,0.0467546044379889
"221",3.76725117409732e-05,5.102463763986e-06,0.918012634679888,0.0819445903446069
"222",1.99446729083925e-06,2.78101157930542e-08,0.983702056309267,0.0162959214133267
"223",1.75553223772915e-05,9.93783890753075e-07,0.978005689269648,0.0219757616240836
"224",1.89024384099408e-05,1.07267380245324e-06,0.990042791031848,0.00993723385593963
"225",2.73168577405173e-05,2.2644008078529e-06,0.975373630395679,0.0245967883457723
"226",4.13416076327343e-06,5.74226346148436e-08,0.9979045854027,0.00209122301390185
"227",2.05734853230046e-05,1.44417687088215e-06,0.986135783192555,0.0138421991452513
"228",1.80284896948728e-06,1.70151057005751e-08,0.980544445668945,0.0194537344669797
"229",4.36167729060866e-05,1.15020440732744e-05,0.731045086424102,0.268899794758919
"230",1.71743598756318e-06,1.93170178932911e-08,0.982560681410978,0.0174375818360165
"231",2.17008817069352e-05,1.698968216301e-06,0.947757129649121,0.0522194705009562
"232",2.66623022554576e-06,8.12598046535225e-07,0.663710360824306,0.336286160347422
"233",3.10896156165836e-05,3.00783000431238e-06,0.969810621814394,0.0301552807399852
"234",1.0588961125999e-05,3.70823654095258e-07,0.981667714226801,0.0183213259884192
"235",3.33228716917708e-05,3.33418132312332e-06,0.980442449929938,0.0195208930170468
"236",2.1895392006963e-05,1.56803804927281e-06,0.98333621165188,0.0166403249180636
"237",1.03411753129429e-05,4.15205517443734e-07,0.99189913336738,0.00809011025178934
"238",0.000623106142967693,2.08401117489217e-05,0.990385188349564,0.00897086539571967
"239",0.0176230145438125,0.00223628521088344,0.967775229338662,0.0123654709066419
"240",0.655703799788309,0.295605696256311,0.0478269010211288,0.000863602934251753
"241",0.000203414499793552,2.41160951091337e-05,0.986929864338794,0.0128426050663033
"242",0.000437508075041752,4.81534685115608e-05,0.989060670527751,0.0104536679286958
"243",4.57511623176827e-06,8.78410926628863e-08,0.997791414218341,0.0022039228243342
"244",1.5829928427148e-06,1.02201013827747e-08,0.99928686026403,0.000711546523025948
"245",1.75051258767657e-07,1.55275449635156e-10,0.999808284887063,0.000191539906402517
"246",2.06427642346185e-06,1.725896355245e-08,0.999045389690718,0.000952528773895103
"247",7.18712563996491e-08,2.52909295740239e-11,0.999896314798596,0.000103613304857032
"248",1.50631799784588e-06,9.55357785051476e-09,0.999358237053357,0.000640247075067
"249",1.00944815161045e-07,6.84953086795344e-11,0.999609046324061,0.000390852662628724
"250",1.12910377450439e-06,5.3965168430236e-09,0.999497125866773,0.000501739632935309
"251",1.86025468698999e-07,8.31898998210243e-10,0.991310399593547,0.00868941354908474
"252",5.30336668787708e-07,2.34903336733e-09,0.992245099079109,0.00775436823518875
"253",2.80973879326943e-08,2.26471627334407e-10,0.923156325932001,0.0768436457441393
"254",1.30696639567937e-07,2.93275347814796e-09,0.90416793229265,0.0958319340779565
"255",1.09995534402116e-07,1.68330046001227e-09,0.910265322103076,0.0897345662180896
"256",0.000856475317964809,5.16126945222857e-05,0.994197723770645,0.00489418821686808
"257",0.000149434034321622,3.54988121280281e-05,0.938836002486717,0.0609790646668335
"258",0.00331655918664127,0.000122826692781925,0.993696697178308,0.00286391694226876
"259",0.394158873963329,0.0933046537719152,0.508984707955599,0.00355176430915592
"260",0.363897819861827,0.121501810081749,0.505457363523731,0.00914300653269264
"261",0.692970937656973,0.276211995894367,0.0305117010892633,0.000305365359396222
"262",0.579666192985675,0.403876169958203,0.0145167852873507,0.00194085176877059
"263",0.611891512061519,0.386831295147118,0.00125929476731533,1.78980240477382e-05
"264",0.663087584236691,0.336827131663201,8.48178418272333e-05,4.66258280241732e-07
"265",0.57902240962483,0.419918175734437,0.000966289745568061,9.31248951655347e-05
"266",0.00297871073260194,0.000270831977851263,0.992274059837595,0.00447639745195198
"267",0.0037989728568078,0.000384274368617004,0.990425555485649,0.00539119728892626
"268",0.00183740977664904,0.00108124207425082,0.264182348549464,0.732898999599636
"269",0.0162894716980403,0.000814958956572761,0.979833247826782,0.00306232151860488
"270",0.00138232127256348,0.000515899315098088,0.929795158973036,0.0683066204393024
"271",0.535099044404064,0.0393556012523662,0.425096398484399,0.00044895585917012
"272",0.64125018421502,0.30217997806736,0.0557273980972779,0.000842439620342496
"273",0.507205632883012,0.0773861703325188,0.414881649582188,0.000526547202280978
"274",0.15587088671537,0.0618076969440298,0.752643370595136,0.0296780457454644
"275",0.633808136127634,0.163864798391778,0.202116251503292,0.000210813977296159
"276",0.697078584022015,0.0217588190123039,0.280892968638675,0.000269628327006218
"277",0.75310029174188,0.223011239932711,0.023867299211526,2.11691138829897e-05
"278",0.698664772697573,0.300057800714196,0.00127690602110857,5.20567122657775e-07
"279",0.608293821170727,0.389117258049329,0.00253595323268027,5.29675472637944e-05
"280",0.669501334654558,0.330373543511496,0.000125072199413234,4.96345327407236e-08
"281",0.851935652574612,0.148048025958886,1.63009746933189e-05,2.04918083822413e-08
"282",0.633848077955487,0.366149983156433,1.93864270750223e-06,2.45372202127668e-10
"283",0.607536080082303,0.392412535075341,5.08853540138319e-05,4.99488341852925e-07
"284",0.621784995423749,0.378214866956555,1.37606221439429e-07,1.34748835598225e-11
"285",0.613891009955925,0.386108891407599,9.86157708590198e-08,2.07051773854385e-11
"286",0.610619764397201,0.389377532399415,2.69168558484086e-06,1.15177996020326e-08
"287",0.617487175417731,0.382473874905501,3.86491366208821e-05,3.00540147210757e-07
"288",0.582352277146204,0.417644078696645,3.63915545823792e-06,5.00169259316619e-09
"289",0.556447327523083,0.443541793338456,1.08491115304612e-05,3.00269309729726e-08
"290",0.568954674263792,0.431032423757425,1.28404946984673e-05,6.14840847201896e-08
"291",0.59844364780947,0.401555145409381,1.20637134104033e-06,4.0980723940888e-10
"292",0.621697775735294,0.378284388519975,1.77645315011669e-05,7.12132298048955e-08
"293",0.595527905540436,0.404472006679203,8.77737936021015e-08,6.56708455613036e-12
"294",0.603080937421971,0.396918620501216,4.41921918309906e-07,1.548940123528e-10
"295",0.693738071119302,0.306248869575074,1.30198029792283e-05,3.95026449191961e-08
"296",0.591306554069708,0.408689971717011,3.46291303612868e-06,1.13002443360896e-08
"297",0.587242040513564,0.412757699868025,2.59551449638516e-07,6.69615316803807e-11
"298",0.56085131336433,0.43914163284754,7.036620646429e-06,1.7167483650604e-08
"299",0.585233900924674,0.414765421228182,6.77424667489534e-07,4.22477193469362e-10
"300",0.224777348344669,0.775222076556677,5.74815779370836e-07,2.82874315336864e-10
"301",0.664913731364404,0.33508280574863,3.45693734873917e-06,5.94961692463351e-09
"302",0.770105652191886,0.229888128490118,6.20993152119135e-06,9.3864753213905e-09
"303",1.67259159846087e-07,1.02536055896814e-09,0.725430247089502,0.274569584625978
"304",6.33988537703589e-06,1.49950331433225e-06,0.396244502312229,0.60374765829908
"305",0.000835417402822005,0.000330973113577667,0.466505929170066,0.532327680313535
"306",1.58262593515468e-05,2.44650525238456e-06,0.323560040178369,0.676421687057027
"307",0.00329902009940291,0.0352841033798103,0.00283608532635699,0.95858079119443
"308",2.83314820281262e-07,5.60748054426086e-08,0.151037498210527,0.848962162399847
"309",5.50078330958259e-06,5.4119279627817e-07,0.161035275733219,0.838958682290675
"310",0.000220949184979296,0.000104657934595108,0.0799979371442326,0.919676455736193
"311",2.67090112180022e-05,6.84591190923683e-06,0.331875180464013,0.66809126461286
"312",3.0344055188681e-07,2.96753767903489e-08,0.104514262005302,0.895485404878769
"313",4.20842621162679e-06,6.16630119676706e-07,0.161635198189374,0.838359976754295
"314",9.98668292056486e-06,1.44637784213546e-06,0.233533919857509,0.766454647081729
"315",4.70918186571401e-07,6.63546563553914e-08,0.0695076037028959,0.930491859024261
"316",3.8096021810645e-06,1.06009071603035e-06,0.150376171658036,0.849618958649067
"317",1.95804053231919e-06,4.32535663251917e-07,0.0799843020625989,0.920013307361206
"318",3.15180484489176e-07,9.16854682349519e-08,0.0355550308783153,0.964444562255732
"319",1.71829552858036e-07,2.53085458956611e-08,0.0268262053843523,0.973173597477549
"320",1.30949259146993e-07,2.53526051555886e-08,0.0244394068041741,0.975560436893962
"321",2.41938888994767e-06,4.61669108964121e-07,0.220632448331595,0.779364670610406
"322",1.10605959437059e-07,2.54399912775248e-08,0.0121376525931964,0.987862211360853
"323",5.78557386763015e-06,4.42378153956962e-06,0.00592200982166715,0.994067780822926
"324",7.87522338426479e-08,3.0873305540112e-08,0.00861520949789796,0.991384680876563
"325",6.21904836904764e-08,5.93202863116488e-11,0.784621399422322,0.215378538327874
"326",0.000831678175771096,0.000124507521047085,0.787156908530859,0.211886905772323
"327",7.13962458586653e-06,2.76239738216147e-06,0.525130812943987,0.474859285034045
"328",0.0105495625166762,0.00191155588167733,0.807476368166061,0.180062513435585
"329",0.640142825447135,0.26655822058511,0.0868077288451367,0.00649122512261842
"330",4.10540368058664e-05,7.5275010192577e-06,0.531361563342449,0.468589855119726
"331",2.21908239147024e-05,4.25470138338554e-06,0.43681288655013,0.563160667924571
"332",1.22175376058343e-05,1.80593249974814e-06,0.524785839066743,0.475200137463151
"333",1.88853021465338e-05,3.25162253634093e-06,0.506953331517451,0.493024531557866
"334",5.62661985471204e-08,4.51900530341265e-11,0.7989386918245,0.201061251864112
"335",0.000169796990172784,4.96333117897854e-05,0.675057618507199,0.324722951190839
"336",1.42209850062814e-06,1.61563717675944e-09,0.841571463394542,0.15842711289132
"337",0.021133826578488,0.00787000972700175,0.752463167397226,0.218532996297284
"338",1.55808752230057e-06,2.63865802982644e-09,0.858442123730888,0.141556315542932
"339",0.000217881597452832,0.000297250210459832,0.0387403712227574,0.96074449696933
"340",2.42900112538528e-05,1.64838453407622e-08,0.966424138387812,0.0335515551170891
"341",0.282732515360476,0.115612699791941,0.569469811385096,0.0321849734624871
"342",0.660505531370786,0.321399153227985,0.0177981849813933,0.000297130419836281
"343",0.335116666587046,0.0634464329346322,0.584124723747761,0.0173121767305603
"344",1.52445605237717e-06,1.09909354419058e-09,0.985014220685754,0.0149842537591
"345",4.64590565813495e-05,6.44957013813328e-06,0.899524643480518,0.100422447892763
"346",2.72528905694602e-05,3.04708313783001e-06,0.905447260569987,0.0945224394563057
"347",3.22982667106116e-05,3.85662006887921e-06,0.895374985042838,0.104588860070383
"348",6.89620543304916e-09,4.00164520409255e-13,0.997218771765953,0.00278122133744145
"349",1.36081090115895e-07,7.84010764128771e-11,0.998208292494773,0.00179157134573554
"350",0.00040968290978821,3.71799586716111e-05,0.972140634597428,0.0274125025341126
"351",0.0297740965592424,0.0145631398389334,0.885181113323395,0.0704816502784295
"352",0.000609930155670853,6.2736802550981e-05,0.955714926392242,0.0436124066495359
"353",0.144996064067468,0.02503656223321,0.815569337270762,0.0143980364285597
"354",0.584525458781426,0.414438445186779,0.0010345434058494,1.55262594571544e-06
"355",0.142627511618184,0.0297329336029688,0.814784632018248,0.0128549227605997
"356",0.0627563618944228,0.0214299457520178,0.859592427712569,0.0562212646409904
"357",0.677606322478395,0.159521289335864,0.159721922510904,0.00315046567483672
"358",0.0506675429119803,0.949330271272278,2.18542617705272e-06,3.89564204295377e-10
"359",5.02597347856587e-05,5.96784177229159e-06,0.900885639933841,0.0990581324896015
"360",9.69298164448687e-06,3.53126793834215e-06,0.561330134459112,0.438656641291305
"361",3.52497450639093e-06,2.5864706810174e-07,0.85397195884817,0.146024257530256
"362",8.55442254900128e-05,8.90942010304118e-06,0.760318262502147,0.23958728385226
"363",5.59608158803208e-06,9.1676684838103e-07,0.614930912872725,0.385062574278838
"364",5.76801447687331e-05,1.00487947029152e-05,0.691884562063545,0.308047708996983
"365",6.35560153142714e-06,1.04787320680415e-06,0.346877134788908,0.653115461736354
"366",1.25474137778344e-07,2.8729467851685e-07,0.0117317685524333,0.98826781867875
"367",5.82567043691357e-06,1.65204433582649e-06,0.146472432413603,0.853520089871625
"368",8.37488773655282e-06,5.05455704553892e-07,0.805542072489836,0.194449047166723
"369",2.87808448949206e-05,1.0090665205861e-05,0.532727631119163,0.467233497370736
"370",1.76411693233303e-06,9.13966850451471e-07,0.0960418428343146,0.903955479081903
"371",7.76199597058596e-05,9.61946782248649e-06,0.794543056193838,0.205369704378633
"372",0.000537158036046403,5.13587697147222e-05,0.794136940795245,0.205274542398994
"373",6.82968490805641e-06,2.32209648851582e-06,0.575238964828471,0.424751883390132
"374",0.00900271849569452,0.00101680680591519,0.798297430146701,0.19168304455169
"375",0.645345403964582,0.341639936971858,0.0128336911235703,0.000180967939988995
"376",1.69607041593558e-08,4.57017157126381e-07,0.00220505592628187,0.997794470095857
"377",5.54782722050305e-07,4.69215602792392e-10,0.998574255984738,0.00142518876332474
"378",0.00366592135804548,0.0014133986509646,0.736327725705049,0.258592954285941
"379",1.94809465009907e-08,2.09511007378178e-12,0.99979208748566,0.000207893031298402
"380",8.50269842260377e-08,5.39277820479571e-11,0.999100843119807,0.000899071799281094
"381",2.74281725538281e-05,3.35259303508449e-06,0.854912966161853,0.145056253072559
"382",9.60396626574392e-05,2.4891890148095e-05,0.708648233985958,0.291230834461236
"383",8.93314481993072e-05,2.567931205359e-05,0.678193379754464,0.321691609485284
"384",1.24536952906365e-07,9.47802662329764e-11,0.999136483847034,0.000863391521232659
"385",1.17822205515565e-06,1.33109062833051e-08,0.985558347669078,0.0144404607979607
"386",5.86529545918448e-06,1.30771742690656e-07,0.97457123252894,0.0254227714038584
"387",0.00010243258743246,2.09941447013732e-05,0.945107446812851,0.0547691264550153
"388",1.05479064647606e-05,7.29735919374003e-07,0.921501542776055,0.0784871795815605
"389",5.23235319565773e-05,7.44450798675934e-06,0.830938430717246,0.169001801242811
"390",8.67131301848168e-05,1.53299199987844e-05,0.923296112332656,0.0766018446171607
"391",3.04910110093918e-06,5.42539108565119e-08,0.980580208157789,0.0194166884871994
"392",1.48423988235967e-05,8.15669175761997e-07,0.954917179444126,0.045067162487875
"393",6.08143636596811e-05,9.04336420332417e-06,0.963317798752223,0.0366123435199136
"394",1.23399202483583e-05,1.14222153279399e-06,0.875343418821059,0.12464309903716
"395",2.23823518159185e-05,2.19700086456994e-06,0.910864552774235,0.0891108678730842
"396",2.49503679746818e-05,2.61082714494173e-06,0.817356513087541,0.18261592571734
"397",2.27893038552788e-05,1.80003071892996e-06,0.975935739829595,0.0240396708358303
"398",1.12532489813047e-05,5.97291942872063e-07,0.971327319817944,0.0286608296411324
"399",1.41094240414141e-05,8.07705870299543e-07,0.958480274225463,0.0415048086446249
"400",9.22905923070436e-06,3.21976635923349e-07,0.993385221368996,0.00660522759513771
"401",1.91319678497861e-05,1.18334228285821e-06,0.988048764644162,0.0119309200457055
"402",0.000436600869690616,4.47513005320305e-05,0.988534521299053,0.0109841265307245
"403",7.22383828272281e-06,2.08730056243082e-07,0.992654703049332,0.00733786438232871
"404",7.49990137717141e-06,2.18269913395311e-07,0.994271416932858,0.00572086489585121
"405",3.65559066862556e-06,1.53561809764018e-08,0.998153134492505,0.00184319456064523
"406",1.31474819088244e-05,1.33922963354901e-06,0.81685332097878,0.183132192309678
"407",3.61524756156285e-05,4.65191908926913e-06,0.780296583058191,0.219662612547104
"408",3.06734157832566e-05,4.9484358568976e-06,0.678490488858984,0.321473889289376
"409",1.12866774226478e-05,2.44013750397956e-06,0.588702710463127,0.411283562721946
"410",6.49632910032211e-06,1.08691063426439e-06,0.559881923334685,0.44011049342558
"411",1.06671976868719e-05,1.73802459426747e-06,0.347780339203219,0.652207255574499
"412",3.07132907410951e-06,1.63228368134114e-07,0.676616783812192,0.323379981630365
"413",2.56346756451159e-06,1.00272884190167e-07,0.673684894198345,0.326312442061206
"414",1.15563240604029e-05,5.63523192302158e-07,0.932627076312527,0.06736080384022
"415",3.4410029222902e-09,5.45581590261406e-08,0.00283058696730913,0.997169355033529
"416",0.000122136570091964,4.00302432931408e-07,0.998433051780902,0.00144441134657307
"417",0.482076998124989,0.28913552855297,0.224846281704719,0.00394119161732187
"418",2.60623935027183e-06,1.24244606833415e-08,0.998756620881872,0.00124076045431747
"419",8.68756365232598e-07,5.41027387179309e-09,0.993788022681504,0.00621110315185694
"420",1.37238896910208e-06,1.33091672638617e-08,0.988264955817024,0.0117336584848396
"421",3.28671033128828e-05,3.51668050667316e-06,0.934464143214533,0.0654994730016478
"422",2.25510849118393e-05,6.16413617930255e-06,0.684286091078433,0.315685193700476
"423",4.42237775022084e-05,5.50694940747932e-06,0.966184998715672,0.0337652705574181
"424",6.66871634951398e-06,1.21229250491053e-07,0.985028639479718,0.0149645705746824
"425",9.79716221237927e-07,2.31499934633345e-09,0.999633115545462,0.000365902423317821
"426",6.86631205688086e-06,2.34174274844997e-07,0.979809701950974,0.0201831975626941
"427",5.88812956778794e-05,7.25198969447757e-06,0.961586960244091,0.0383469064705362
"428",6.12791686661075e-05,8.25545174970906e-06,0.960985616232758,0.0389448491468265
"429",1.94532698128461e-06,1.83939279371194e-08,0.990142359668505,0.0098556766105857
"430",0.000105959361719415,2.11715848486542e-05,0.904749969301361,0.0951228997520708
"431",2.06082816139014e-06,2.75778244849023e-08,0.98299096982404,0.0170069417699736
"432",8.25388417814003e-05,1.41639319440262e-05,0.953191470307534,0.0467118269187407
"433",1.22615062441746e-06,1.02582728328268e-08,0.977846689117931,0.0221520744731713
"434",5.03036569906328e-05,9.88395714092446e-06,0.813940542708291,0.185999269677578
"435",1.45466093716045e-06,1.53794513616384e-08,0.977387397551503,0.0226111324081091
"436",4.12702823381053e-05,3.7693973241178e-06,0.945286721183183,0.0546682391371553
"437",2.46353267103908e-06,4.70960289148671e-08,0.975384864415719,0.0246126249555813
"438",3.65031882108457e-05,3.95200231785435e-06,0.939220441811113,0.0607391029983585
"439",2.65648772580291e-05,1.55010133559028e-06,0.969858994928182,0.0301128900932247
"440",7.82669026385857e-07,3.13850114214051e-09,0.997265397774815,0.00273381641765698
"441",1.65863062960118e-05,1.74413273998077e-06,0.884971931552377,0.115009738008587
"442",7.14571429121213e-05,1.06788483346252e-05,0.903486395239045,0.096431468769708
"443",2.5426079301351e-05,2.93901261148395e-06,0.73787542052008,0.262096214388007
"444",2.07756090334498e-05,2.85428312747241e-06,0.685469545068124,0.314506825039715
"445",0.00077033876198363,9.6545973066046e-05,0.693486853188285,0.305646262076665
"446",5.63881431385754e-07,1.86977020740334e-09,0.996856050781857,0.00314338346694155
"447",4.28535849716957e-07,3.56128275499328e-09,0.979541568355917,0.020457999546951
"448",1.96342633178341e-06,3.52198474281917e-08,0.958443650217364,0.0415543511364572
"449",1.23877235118651e-05,1.45334777580981e-06,0.699477413718744,0.300508745209969
"450",3.67911876475422e-05,5.97874174375207e-06,0.644549716147928,0.35540751392268
"451",2.36636699187141e-06,1.74569789304211e-06,0.0739623911618033,0.926033496773312
"452",5.79838243165206e-05,8.03097918522715e-06,0.94703510201626,0.0528988831802382
"453",3.48951319438489e-05,3.53133172966732e-06,0.976948705655739,0.023012867880587
"454",2.40132872257564e-05,1.70568605821116e-06,0.985371414304893,0.0146028667218227
"455",5.25975060637955e-06,8.54411563901796e-08,0.974552356099875,0.025442298708362
"456",1.68237874622168e-06,1.60192008991029e-08,0.970726824794231,0.0292714768078219
"457",0.000255671313864142,0.000248146436325781,0.0748508038062805,0.92464537844353
"458",2.71835614821173e-06,2.152980269011e-08,0.977182962896242,0.0228142972178071
"459",1.6322746297077e-06,1.47497345949619e-08,0.989214766530225,0.0107835864454106
"460",4.9983439979707e-05,4.66546940925155e-06,0.98115751511721,0.0187878359734007
"461",0.000846096857054706,0.000111355642784394,0.988316704376779,0.0107258431233822
"462",0.0100158449260275,0.000681565370659285,0.983946306108136,0.00535628359517692
"463",1.76462594266233e-06,1.62862811090332e-08,0.991256338581336,0.00874188050644023
"464",1.15000930638448e-06,1.19645339801761e-08,0.991326521507371,0.00867231651878911
"465",0.00020714748929143,1.24570748365783e-05,0.991727347337201,0.00805304809867101
"466",0.004867328172978,0.000230221476441184,0.990924015705276,0.00397843464530466
"467",0.689023051203388,0.307803056834543,0.00317167058884305,2.22137322656558e-06
"468",0.000519392441782588,6.82195271725557e-05,0.990390730615661,0.0090216574153841
"469",2.76766432208631e-06,9.44775623695309e-08,0.95276552499193,0.0472316128661851
"470",2.57868600878579e-05,2.05723427964963e-06,0.968701173955016,0.031270981950616
"471",1.22015981310168e-06,9.32265195136329e-08,0.849132794049611,0.150865892564056
"472",1.39658634763544e-05,6.96256143556226e-07,0.92184930528051,0.0781360325998704
"473",7.82054396499452e-07,1.5815994538166e-07,0.395443243958955,0.604555815826703
"474",2.92752500655569e-06,4.13295894056132e-07,0.403494970541798,0.596501688637302
"475",6.86001589379281e-09,1.02307697507879e-08,0.0210327781120328,0.978967204797182
"476",2.14340034383871e-08,6.13905918861192e-09,0.00664069341153175,0.993359279015406
"477",1.10653464621318e-09,8.4135168047498e-11,0.0146239978010659,0.985376001008264
"478",3.88206983793121e-08,8.55323396111277e-10,0.0312988122254885,0.96870114809849
