"","(1,R1)","(2,R1)","(3,R1)","(4,R1)"
"1",7.17863179298345e-06,8.83503536909994e-05,0.0751389328506436,0.924765538163872
"2",3.31753767749584e-06,4.01246586468274e-05,0.0763633940514037,0.923593163752272
"3",0.0012663924580456,0.00523237503894371,0.193600166259786,0.799901066243225
"4",8.97472834833208e-05,0.000456165654264464,0.164308780902314,0.835145306159938
"5",5.84434834007438e-05,0.000306674897301868,0.160008774409817,0.83962610720948
"6",0.000201969108310721,0.00185984193657157,0.0977551685314539,0.900183020423664
"7",5.3109432308181e-07,5.65389200954242e-06,0.0858677787967469,0.91412603621692
"8",7.78564304323508e-05,0.000289108078239718,0.212085523385477,0.787547512105851
"9",0.000311563011179709,0.00120682710078908,0.204881429701165,0.793600180186866
"10",0.000308923331709961,0.00251390489681597,0.109128600562997,0.888048571208477
"11",3.14204667652882e-08,2.86654118609365e-07,0.0987832986852022,0.901216383240212
"12",1.16825781945154e-08,1.17801561896036e-07,0.0902239971137536,0.909775873402106
"13",1.5812147598759e-08,1.31817371515238e-07,0.107106934705988,0.892892917664493
"14",2.2175152897525e-07,1.55233169145155e-06,0.124994776466143,0.875003449450636
"15",1.95967853661494e-05,5.4388656142283e-05,0.264853937339802,0.735072077218689
"16",8.00502245073753e-05,1.11016420594241e-05,0.878127138749638,0.121781709383795
"17",2.34912845141253e-05,2.84957223622044e-05,0.451844887481896,0.548103125511228
"18",8.52450212829108e-06,5.38838414510361e-05,0.136583822600557,0.863353769055864
"19",4.49273879832437e-05,0.0002543477111652,0.150075774638613,0.849624950262238
"20",0.000618308655963753,0.00274034129494354,0.183476093857381,0.813165256191711
"21",0.000228049904318843,0.000591697697412991,0.27796721878211,0.721213033616159
"22",0.000444171784258075,0.00151899795481543,0.225808187050336,0.772228643210591
"23",0.000316387194701621,0.00214936263181853,0.127996384562898,0.869537865610582
"24",0.00821399757042546,0.0102138858077208,0.437523442908847,0.544048673713007
"25",0.017062547272709,0.00823624169780506,0.657378719168761,0.317322491860725
"26",0.0343750750750849,0.00811497696928194,0.774639586502441,0.182870361453192
"27",0.0377425796530736,0.00364609159726861,0.874163468859212,0.084447859890446
"28",1.45426791768837e-07,8.49954136060668e-07,0.146101500388293,0.853897504230779
"29",3.74970591958374e-06,6.18944332269552e-06,0.37726253618837,0.622727524662387
"30",3.70615182761787e-05,1.71034204418182e-06,0.955849965050742,0.044111263088938
"31",8.43240116591037e-07,9.58602981921394e-07,0.467986695345902,0.532011502811
"32",7.56391846819317e-05,3.93813650695461e-05,0.657538890091726,0.342346089358523
"33",1.37762165292641e-06,4.85245971105266e-08,0.96597364274581,0.0340249311079405
"34",1.96730376039892e-06,2.05232800714475e-06,0.489421908854206,0.510574071514026
"35",3.79005556319282e-05,3.75440776083447e-05,0.502324613570776,0.497599941795984
"36",7.69007199457611e-06,6.45671254923044e-06,0.543583821537109,0.456402031678347
"37",9.65467986924038e-07,2.28262034564881e-05,0.0405791169032907,0.959397091425266
"38",1.08980721970657e-05,2.35162130054013e-06,0.822504143429324,0.177482606877178
"39",9.65487801568156e-07,1.01899121257264e-07,0.904533070785069,0.0954658618280087
"40",1.33594858135563e-05,3.62622560227227e-07,0.973560485702581,0.026425792189045
"41",6.92120747703483e-07,7.17243261451074e-08,0.906100258712478,0.0938989774424484
"42",1.31189594200381e-05,5.03194670260041e-07,0.963047446431011,0.0369389314148987
"43",1.06695690535046e-05,2.18178507750328e-06,0.830218498870166,0.169768649775703
"44",4.77959193084218e-07,2.56920136878692e-06,0.156853479480688,0.843143473358751
"45",6.09438966824144e-06,2.20060250117599e-05,0.216872899662285,0.783098999923035
"46",1.45884647698346e-05,5.76148936617424e-05,0.202032311938891,0.797895484702678
"47",1.71693569510413e-06,7.7984227153556e-06,0.180436646081382,0.819553838560208
"48",2.52935808984959e-06,1.04323036306633e-05,0.195138969038421,0.804848069299858
"49",3.48696216258507e-05,1.86865003353509e-05,0.651050764456057,0.348895679421981
"50",4.39306394844981e-06,2.87395560432665e-05,0.132585904641097,0.867380962738911
"51",1.52707794463396e-06,3.12697542656738e-05,0.0465602242168652,0.953406978950925
"52",4.58750210294201e-05,0.000167751046087876,0.214698615894639,0.785087758038244
"53",0.00235145155280369,0.00789627875762159,0.227109266242579,0.762643003446995
"54",0.0208910281766642,0.0192781380762375,0.499185192602628,0.46064564114447
"55",0.00549030639382585,0.0252837136352529,0.172916882158011,0.79630909781291
"56",6.38075629595794e-06,5.3738938785888e-06,0.542821878801329,0.457166366548497
"57",3.40222800182245e-06,3.40379445564618e-06,0.499881519263698,0.500111674713844
"58",7.34210735711394e-07,4.40753466721394e-07,0.62487850397473,0.375120321061067
"59",8.1541035132101e-06,4.01534765819181e-06,0.670038785430799,0.32994904511803
"60",6.42728220606462e-06,4.31703903300592e-06,0.598196294234768,0.401792961443993
"61",1.5936363074926e-06,6.79940900812297e-07,0.700936250775302,0.29906147564749
"62",8.45064100587812e-06,4.34445851505263e-06,0.660450734694303,0.339536470206176
"63",2.49460459629096e-06,3.29724658313733e-07,0.883253093327951,0.116744082342795
"64",1.4819468054143e-06,1.827419435088e-07,0.890223075870975,0.109775259440276
"65",9.9502939115283e-07,2.54627914180043e-07,0.796240812149724,0.203757938192971
"66",1.22629644968607e-06,1.19766840268284e-05,0.0928790481133637,0.90710774890616
"67",0.0051418485715124,0.013518004266419,0.27041491043251,0.710925236729559
"68",1.42624401543301e-07,1.42415885835302e-06,0.0910299348559636,0.908968498360777
"69",1.00337216803008e-06,3.83216005395486e-05,0.025513881927084,0.974446793100208
"70",2.45053023727729e-09,2.41346745490324e-08,0.0921764640079568,0.907823509406838
"71",5.9648346153787e-08,6.96542631228624e-07,0.0788799428085231,0.921119301000499
"72",2.65072407001864e-05,0.000168718581350838,0.135750821914346,0.864053952263603
"73",2.70716900890791e-07,3.26638114329885e-06,0.0765361717307422,0.923460291171214
"74",7.58937454805704e-08,5.71507879442515e-07,0.117228152394355,0.88277120020402
"75",7.18153813133764e-06,4.69715902260152e-05,0.132608206513823,0.86733764035782
"76",8.83367854923712e-06,9.4421014147661e-05,0.0855434866907359,0.914353258616567
"77",2.70802792145327e-06,9.01914144710191e-06,0.230916436767112,0.76907183606352
"78",0.012591712854427,0.0403113497654098,0.225423105775479,0.721673831604685
"79",3.66807158481512e-07,8.84730556835229e-07,0.293084814719856,0.706913933742429
"80",1.88417327457573e-06,3.75715145449789e-06,0.333992942408024,0.666001416267247
"81",7.98894171349524e-05,6.55917125419043e-05,0.549059489087851,0.450795029782472
"82",9.89443550298957e-05,2.98455553351013e-05,0.768162752151183,0.231708457938452
"83",1.61486130555716e-05,6.63243965923407e-06,0.708845432883414,0.291131786063871
"84",2.0222588170361e-05,7.18252149211745e-07,0.965680669150142,0.0342983900095386
"85",3.96050639459124e-06,1.18591848220496e-06,0.769560638104198,0.230434215470925
"86",1.6330360179644e-05,8.14014943100784e-06,0.667332263497282,0.332643265993107
"87",1.95584026785724e-05,3.45151921363907e-06,0.849979097402956,0.149997892675152
"88",0.00019663275311536,0.00317510975372392,0.0581212111262758,0.938507046366885
"89",0.000124899889386371,0.00173681172092276,0.0669638418334157,0.931174446556275
"90",0.00645917128998095,0.0290289865178314,0.175550030905323,0.788961811286865
"91",1.85889730571113e-05,0.000244459526171608,0.0706488853201465,0.929088066180625
"92",7.86030899557924e-06,9.3164654229044e-05,0.0777977507467817,0.922101224289994
"93",0.0060048629381359,0.0757398868125311,0.0674538357116437,0.850801414537689
"94",0.000471539180669517,0.000121950152835646,0.794048520488465,0.20535799017803
"95",0.0638533988718858,0.829015180240466,0.00766149185857965,0.0994699290290683
"96",0.0751621575632497,0.910027551490843,0.00112990768316355,0.0136803832627442
"97",0.0933222167541759,0.903993153479609,0.00025121000680925,0.00243341975940543
"98",4.3914435000928e-08,2.53774371387529e-07,0.147517881041143,0.85248182127005
"99",5.48230243629385e-05,0.000140601882534143,0.280477608759322,0.719326966333781
"100",3.47487037124845e-09,1.39840259809126e-08,0.19903149892696,0.800968483614144
"101",2.32463491376157e-07,5.69334978230145e-07,0.289927349326856,0.710071848874674
"102",3.35420419017101e-06,4.97907772294855e-06,0.402503632255766,0.597488034462321
"103",1.54627452597283e-05,8.46856578556334e-05,0.154382857934069,0.845516993662816
"104",3.83593489019579e-06,2.99029778736073e-06,0.561936413012041,0.438056760755281
"105",4.35205118649871e-05,3.74742975301719e-05,0.537281182021336,0.462637823169269
"106",7.27110962812399e-06,1.25613647483118e-06,0.852684153570157,0.14730731918374
"107",0.000719017416964946,8.56023417883646e-05,0.892892417230131,0.106302963011116
"108",3.37545361123235e-06,3.64675023114405e-07,0.902493287424376,0.0975029724469897
"109",2.83987527154528e-05,2.35373893145104e-06,0.923433447575823,0.0765357999325296
"110",3.02390718665854e-05,1.5331031459799e-06,0.951716748807509,0.0482514790174781
"111",1.19750646156487e-06,1.7872509491998e-06,0.401206102371916,0.598790912870673
"112",0.000103806736586623,2.72168993401632e-05,0.792171082082927,0.207697894281146
"113",1.77116388194642e-06,2.25306569601701e-06,0.440123188814858,0.559872786955564
"114",1.08937351233953e-05,7.60862299242262e-05,0.12523329459527,0.874679725439683
"115",2.61997434582549e-06,1.69824415977269e-06,0.606723126402066,0.393272555379428
"116",7.13872404754847e-05,1.49177411814543e-05,0.827079480588312,0.172834214430031
"117",5.86765017139874e-07,2.79601579236133e-07,0.677270466383038,0.322728667250366
"118",3.88105543470232e-05,1.51437265622493e-05,0.719284173515917,0.280661872203173
"119",2.21289034481476e-06,1.01519204485402e-06,0.685510137072264,0.314486634845346
"120",5.29861555493501e-06,2.58307699073094e-06,0.672263446230202,0.327728672077252
"121",1.60556150463034e-05,7.36919373012733e-07,0.956100194939422,0.0438830125261585
"122",1.52010457555183e-05,1.27988418345879e-05,0.542881469756939,0.457090530355471
"123",6.39166523562942e-09,2.26987942686773e-08,0.219716881706412,0.780283089203128
"124",3.31367495642236e-07,2.25485813367683e-06,0.128127505541105,0.871869908233266
"125",3.32993974126537e-06,1.04925786197014e-05,0.24090354783072,0.759082629650919
"126",2.58171549209315e-05,4.82252633023133e-05,0.348654784322605,0.651271173259172
"127",2.18981982463471e-05,4.68723520083764e-05,0.318402167993416,0.681529061456329
"128",6.18066858350831e-08,7.93966328387461e-07,0.0722231618845093,0.927775982342476
"129",1.10132971995132e-05,0.000100042791540317,0.0991577700129526,0.900731173898307
"130",3.55372371384174e-08,4.92432139026132e-07,0.0673092417480834,0.93269023028254
"131",8.07403195686905e-07,1.29645207651252e-05,0.05862594641743,0.941360281658609
"132",4.33899677996149e-07,1.26067179604376e-05,0.0332725053142856,0.966714454068076
"133",1.10095388130981e-06,3.1609854173283e-05,0.0336560890327544,0.966311200159191
"134",8.93520931022667e-07,2.98017012487895e-05,0.0291085530824665,0.970860751695354
"135",9.37663089222453e-07,4.67203853885289e-06,0.167149322972815,0.832845067325557
"136",3.98796114866051e-06,6.87683304875158e-06,0.36704954993379,0.632939585272013
"137",4.73825609682417e-07,2.04329202035037e-06,0.188240871763093,0.811756611119277
"138",1.82034436724727e-05,2.19091487718009e-05,0.453790502582044,0.546169384825512
"139",4.71822864202633e-06,2.30219682094497e-05,0.170081624968136,0.829890634835013
"140",8.31202690494106e-08,6.76432364411618e-06,0.0121387923642888,0.987854360191798
"141",0.000144920172210718,0.000228878833150594,0.387550526129577,0.612075674865062
"142",6.52158343656663e-09,1.45760739167482e-08,0.309114096876345,0.690885882025998
"143",3.71525536947283e-07,8.54641015915674e-07,0.302997240079358,0.697001533754089
"144",4.85578778672898e-06,2.78404053429196e-06,0.635583744203173,0.364408615968506
"145",7.47810473156662e-05,1.66937382451908e-05,0.817429702370307,0.182478822844133
"146",1.45241915295727e-06,6.28814819230182e-07,0.697862974342401,0.302134944423627
"147",5.10216866105382e-05,1.16784991118105e-05,0.813689576092068,0.18624772372221
"148",2.29310161740257e-06,1.00789130039837e-06,0.694667969605336,0.305328729401746
"149",2.6101430295697e-05,1.68111465047007e-05,0.608220530253102,0.391736557170097
"150",3.17867343044613e-06,1.28800984428973e-06,0.711637480610634,0.288358052706091
"151",1.67733674341271e-05,8.98592106516204e-06,0.651141252002327,0.348832988709174
"152",2.00920354688408e-05,5.72949104406241e-06,0.778091746503614,0.221882431969873
"153",3.72880416413949e-07,1.50578734363317e-06,0.198480925592815,0.801517195739425
"154",1.84152574515096e-06,8.44758977264978e-06,0.178976200072195,0.821013510812287
"155",2.2883999919423e-05,4.04115870639669e-05,0.361518907617058,0.638417796795959
"156",2.18506785092419e-06,1.28814229317835e-05,0.145026135225025,0.854958798284192
"157",6.87857191738207e-08,8.31210907244699e-06,0.0082073745582293,0.991784244546979
"158",7.42804467608329e-07,3.83145024712647e-06,0.162387343109413,0.837608082635872
"159",1.15993433741984e-06,1.77467533944414e-05,0.0613493184715201,0.938631774840748
"160",3.52403801379075e-06,7.11682770177321e-06,0.331176110024681,0.668813249109603
"161",2.21922688275096e-06,3.73337916012265e-06,0.372813798961957,0.627180248432
"162",1.26825917131443e-07,6.05905966455734e-07,0.173086263943038,0.826913003325078
"163",1.09379377316138e-05,1.5504052038295e-05,0.413646953423426,0.586326604586804
"164",7.32209338199262e-06,9.20193149441019e-07,0.888349731992074,0.111642025721394
"165",3.35543920347542e-05,1.81599795314543e-05,0.648807203380598,0.351141082247836
"166",2.2596395495886e-07,1.36420545189118e-06,0.142100328848297,0.857898080982296
"167",9.65238790112219e-09,3.48196093252646e-06,0.00276443961942899,0.997232068767251
"168",8.65969942230169e-08,6.63236842208265e-07,0.115488158952396,0.884511091213768
"169",6.34181450045176e-07,4.71823008498679e-06,0.11848454691765,0.881510100670815
"170",1.86733359684325e-07,1.11019510492467e-06,0.143981046449476,0.856017656622059
"171",2.17945849570311e-06,2.62726790328966e-05,0.0765986908104724,0.923372857051999
"172",8.16947876076722e-07,1.91358349915095e-06,0.29918925407213,0.700808015396495
"173",1.77981955484673e-06,9.58299248943207e-07,0.65001368056997,0.349983581311226
"174",1.38438716588878e-06,2.53446613118658e-07,0.845253600357225,0.154744761808996
"175",2.84532684224347e-06,2.83753182639098e-08,0.990123021349995,0.00987410494784418
"176",8.67227783140148e-07,1.18494365576746e-07,0.879788416465407,0.120210597812445
"177",2.4254327655634e-06,6.11145534862379e-07,0.798736327730067,0.201260635691632
"178",2.9299324123813e-06,7.81559693653604e-08,0.974015130893321,0.0259818610182974
"179",7.32537070510322e-07,5.12460568090573e-06,0.125066574441784,0.874927568415465
"180",1.45328872745413e-07,7.48054984844467e-07,0.162672228377848,0.837326878238294
"181",1.41823961670408e-06,3.02402186978271e-06,0.319259305384672,0.680736252353841
"182",3.51151881613017e-06,6.92948213552117e-06,0.336316620276095,0.663672938722953
"183",6.80578752875496e-08,3.47020039671593e-07,0.163964028403987,0.836035556518098
"184",6.30753507488848e-06,1.145020820355e-05,0.355192828750846,0.644789413505876
"185",8.06929350511408e-05,0.000138117982055558,0.368698598876027,0.631082590206867
"186",3.14892752082979e-08,1.80832276788191e-07,0.148309336599832,0.851690451078616
"187",6.81886992251564e-08,3.40657751498655e-07,0.166783082562486,0.833216508591063
"188",6.14822716644556e-07,7.45559657617143e-06,0.0761816372186178,0.923810292362089
"189",2.41279684368045e-07,4.35439858327247e-07,0.356542859880151,0.643456463400307
"190",1.629700150566e-06,2.63432536001104e-06,0.38219593138936,0.61779980458513
"191",3.0167178640859e-06,1.65519634814857e-06,0.645710437563026,0.354284890522762
"192",2.48147560231372e-08,1.46980148389534e-07,0.14444404998463,0.855555778220466
"193",3.17240188257203e-07,1.15359229141263e-06,0.215687188061853,0.784311341105667
"194",1.60101405817664e-06,4.66922916020842e-06,0.255333639169654,0.744660090587128
"195",1.12739035102376e-07,8.91779782817801e-07,0.112231766934258,0.887767228546924
"196",8.44070226431074e-08,4.83620042842305e-06,0.0171536966012183,0.982841382791331
"197",9.99402313739616e-07,4.72267294692e-06,0.174656317779566,0.825337960145173
"198",1.42887180070779e-07,6.15429843300923e-08,0.698953362773504,0.301046432796331
"199",1.20499143997006e-05,3.92121111623244e-06,0.754469178580074,0.24551485029441
"200",4.46494800380218e-05,3.17232682370104e-05,0.584581163345643,0.415342463906082
"201",4.07376446524026e-06,3.00149153746497e-07,0.931373365322677,0.068622260763704
"202",5.21261315772257e-05,4.2123012022312e-06,0.925180064498916,0.0747635970683045
"203",3.15700997935033e-06,1.28922903024497e-07,0.960762047989789,0.0392346660773288
"204",6.96567626974253e-07,2.07077971001355e-08,0.971129225906912,0.0288700568176639
"205",7.60772711428777e-05,5.12031105602801e-06,0.936864027133874,0.0630547752839267
"206",2.96293219251968e-05,4.18487127912378e-06,0.876209580236117,0.123756605570678
"207",3.51036538508765e-06,7.10177119570023e-08,0.98016680092703,0.0198296176898731
"208",1.89633464889416e-05,5.17185179531812e-07,0.973432214047771,0.026548305420561
"209",8.08407166303277e-05,1.79104587378364e-06,0.978244129978573,0.0216732382589232
"210",6.10386851037666e-06,1.39740720788022e-06,0.813704622097852,0.186287876626429
"211",2.1511610093719e-06,1.5565890332975e-07,0.932520148272652,0.0674775449074358
"212",1.37080957919625e-06,5.77065802345437e-08,0.959602460163157,0.0403961113206832
"213",2.32549489368047e-05,1.15295353415318e-06,0.952739849724845,0.0472357423726843
"214",0.00113522336518475,0.000123556522491081,0.900708996024743,0.0980322240875814
"215",2.41838565075805e-05,9.97174129322144e-07,0.960375605028194,0.0395992139411692
"216",2.01824883029167e-05,5.79683129005829e-07,0.972059658442278,0.0279195793862902
"217",6.69659163284353e-06,2.70804180159681e-07,0.961125957928399,0.0388670746757882
"218",4.18026452707359e-05,1.46670010823601e-06,0.966061217971519,0.033895512683102
"219",1.14033940663145e-05,5.28684433942638e-07,0.955680772622774,0.0443072952987257
"220",3.87802155212442e-05,1.9135955686503e-06,0.952936979060918,0.0470223271279919
"221",2.52799046403216e-05,2.21096546271959e-06,0.919549275050061,0.0804232340798364
"222",9.62293711585862e-07,2.31975557429872e-08,0.97645995977426,0.0235390547344726
"223",1.01127580514749e-05,2.51336196678482e-07,0.975739220405021,0.0242504155007305
"224",1.12605236836529e-05,1.09802789794012e-07,0.990331779313349,0.0096568503601777
"225",1.67808917652207e-05,4.22887261940822e-07,0.975402151118861,0.024580645102112
"226",2.12053382844794e-06,4.31192591246476e-09,0.997968590561969,0.0020292845922763
"227",1.24947585245182e-05,1.69156638086627e-07,0.986630132271533,0.0133572038133047
"228",8.94664916399022e-07,2.26974990699029e-08,0.975256976502281,0.0247421061353033
"229",3.57493780019747e-05,1.25747643484098e-05,0.739747229961108,0.260204445896541
"230",7.94915595929439e-07,1.54860139882865e-08,0.980890143850112,0.0191090457482778
"231",1.38161552746196e-05,7.30059157494761e-07,0.949797238748263,0.0501882150373052
"232",1.46715669439058e-06,7.12206111374521e-07,0.673202962371738,0.326794858265456
"233",1.99623407346547e-05,5.85885003211475e-07,0.971467356774521,0.0285120949997414
"234",5.9104477647556e-06,1.13569798138921e-07,0.981141256380157,0.0188527196022803
"235",2.13574442057087e-05,4.09611078943977e-07,0.98116070537562,0.0188175275690954
"236",1.32753782378481e-05,2.1617298026843e-07,0.983963883602699,0.016022624846083
"237",5.74946802963903e-06,4.48246089253767e-08,0.992258257250057,0.00773594845730485
"238",0.00109901488628666,0.000193812602054765,0.848987246581275,0.149719925930384
"239",0.0132152463487553,0.00339016368135163,0.782624562773392,0.200770027196501
"240",0.343451910568117,0.583810793348814,0.0269414085175228,0.045795887565546
"241",0.000186627176430669,3.72415780867818e-06,0.980248719791007,0.0195609288747539
"242",0.00041974755654158,5.1658931294389e-06,0.987422733933657,0.0121523526166718
"243",2.74583365555678e-06,7.25464365151872e-09,0.997362161185998,0.00263508572570315
"244",7.27173277048951e-07,5.14644040725238e-10,0.99929204102335,0.000707231288729285
"245",6.83680716207598e-08,1.37886314850075e-11,0.999798289976756,0.000201641641383434
"246",9.73983212309203e-07,9.1330565041382e-10,0.999062202842647,0.000936822260835231
"247",2.6832324093743e-08,2.5801589842743e-12,0.999903823803401,9.61493616946204e-05
"248",6.75572459650743e-07,4.24550243783999e-10,0.999371288744586,0.000628035258403797
"249",3.83202144334e-08,1.34517288146979e-11,0.999649050061842,0.000350911604492008
"250",4.9286575005137e-07,2.41164083294215e-10,0.999510436556691,0.000489070336394995
"251",7.18677052489594e-08,5.71951227079006e-10,0.992104374026952,0.00789555353339156
"252",2.19521482953972e-07,1.60406317457911e-09,0.992745696983132,0.00725408189132177
"253",1.01350827165681e-08,7.8196033920761e-10,0.928372504728829,0.0716274843541278
"254",5.35616456832382e-08,5.31930036698122e-09,0.909660019453411,0.0903399216656432
"255",4.53321172974692e-08,4.17467992808652e-09,0.91567456579115,0.0843253847020525
"256",0.00156891366839535,0.000207062215130012,0.88184041803999,0.116383606076485
"257",0.00013556537376678,1.05561978931332e-05,0.92762186446211,0.07223201396623
"258",0.00574773522722263,0.000661840176017765,0.89099422748014,0.102596197116619
"259",0.471016811902957,0.0600790698128753,0.415860356832046,0.0530437614521225
"260",0.511785746923434,0.0220151054211073,0.446972083221622,0.0192270644338364
"261",0.823574948102147,0.144793389075649,0.0269020000623979,0.00472966275980605
"262",0.707463258696715,0.271292454030441,0.0153557752024332,0.00588851207041099
"263",0.860431876428559,0.138073672497006,0.00128779789315173,0.000206653181283121
"264",0.958036428319414,0.0419140820251291,4.74152393161055e-05,2.07441614033676e-06
"265",0.778373801034164,0.220100451967085,0.00118941623909175,0.000336330759659773
"266",0.00573915820590845,0.000590024543090839,0.901037977723035,0.092632839527966
"267",0.00694141528110519,0.000676686837036475,0.904232414297128,0.0881494835847305
"268",0.00139589776040921,0.00416682256580683,0.249542074769076,0.744895204904708
"269",0.0194957052504603,0.00151380163884209,0.908451121544752,0.0705393715659458
"270",0.00191550479724633,0.000187902658601378,0.908751989473069,0.0891446030710837
"271",0.63318442811171,0.0365539641593056,0.312236105366511,0.0180255023624728
"272",0.768998029034709,0.183028212605972,0.0387507444754105,0.00922301388390816
"273",0.652131181363311,0.0265007353377685,0.308818584355649,0.0125494989432717
"274",0.269034935704734,0.0127409149000286,0.685748574405577,0.0324755749896598
"275",0.848841667864509,0.0197949967072108,0.128369751461234,0.00299358396704695
"276",0.80920637952369,0.000846010249301308,0.189749230928199,0.000198379298809764
"277",0.972213241618941,0.0155865465309792,0.0120077040443779,0.000192507805701417
"278",0.99207328604227,0.00750764594901042,0.000415920475451241,3.14753326852403e-06
"279",0.963148622499969,0.0355776150464317,0.00122838722610306,4.5375227495848e-05
"280",0.994121532885777,0.00584653667035526,3.17437553961752e-05,1.86688472021912e-07
"281",0.994622133116359,0.00537245599583296,5.38181789381927e-06,2.90699139396166e-08
"282",0.995857604344759,0.00414189398950879,4.99587884388439e-07,2.07784732129588e-09
"283",0.974978805252992,0.0249952533779555,2.52929411392295e-05,6.48427913553165e-07
"284",0.995164580256903,0.00483535587802782,6.35562583692594e-08,3.08810355179561e-10
"285",0.991262408387959,0.00873754557726647,4.56325431068811e-08,4.0223095502165e-10
"286",0.990042787720723,0.00995574616411055,1.45151887485815e-06,1.45962918469131e-08
"287",0.978782395015282,0.0211989496142329,1.82598888479884e-05,3.95481636798293e-07
"288",0.882873285179173,0.117124423385625,2.02305156018028e-06,2.68383641733386e-07
"289",0.743192859917095,0.256797582696854,7.10304895934691e-06,2.45433709191066e-06
"290",0.804270430781182,0.195718988444642,8.50989384569102e-06,2.07088033017974e-06
"291",0.982340568228093,0.0176587565691512,6.63279506936698e-07,1.19232491552585e-08
"292",0.956730387276753,0.0432602112821079,8.99472898541264e-06,4.06712153715352e-07
"293",0.976802032997532,0.023197920626002,4.53006283309359e-08,1.07583762607886e-09
"294",0.97086166234358,0.0291381070049801,2.23930691889715e-07,6.72074788310326e-09
"295",0.987071753624908,0.0129231751418989,5.0056964257852e-06,6.55367670891552e-08
"296",0.941072837662655,0.0589244977353993,2.50759119605355e-06,1.57010749688784e-07
"297",0.955614353744473,0.0443854960463915,1.43542027073371e-07,6.66710797110918e-09
"298",0.844598309935099,0.155395691027418,5.06680731533351e-06,9.32230167651566e-07
"299",0.938403101061788,0.0615964179720028,4.5134039913808e-07,2.96258098907638e-08
"300",0.0548668490389062,0.945130596766285,1.40140978961522e-07,2.41405383027178e-06
"301",0.977473759043338,0.0225247528465826,1.45459071742259e-06,3.35193616194299e-08
"302",0.992894702724238,0.00710320129097899,2.08109654958455e-06,1.48882330191729e-08
"303",2.97535566519389e-08,8.64602204848829e-08,0.256024319381135,0.743975564405088
"304",2.27341064427298e-06,1.19778008525884e-05,0.159521753355338,0.840463995433165
"305",0.00105412656567471,0.00169681573868306,0.382133323060173,0.615115734635469
"306",4.60958041458157e-06,2.95158670528597e-05,0.135072898750561,0.864892975801972
"307",0.0002089799930853,0.0773270091827069,0.00248628442936882,0.919977726394839
"308",8.42535513931382e-08,1.02304941620684e-06,0.0760888939741085,0.923909998722924
"309",3.69947755833728e-06,3.15438829265451e-05,0.104965790021724,0.894998966617791
"310",0.000131422660410938,0.00170427180028095,0.0714614612454457,0.926702844293862
"311",3.27679659743631e-05,6.95765593917904e-05,0.320140351769846,0.679757303704788
"312",9.65264082270787e-08,1.51715362798876e-06,0.0598174670926087,0.940180919227355
"313",4.48154409211401e-06,2.56834445532604e-05,0.148563255205287,0.851406579806067
"314",1.04885305880022e-05,3.49965347812717e-05,0.230582355578798,0.769372159355832
"315",2.06488684878596e-07,4.16436856353214e-06,0.0472419414798117,0.95275368766294
"316",3.92645462502008e-06,2.24053364289729e-05,0.149110678661637,0.850862989547309
"317",2.0481979710673e-06,2.27266505358999e-05,0.0826704238654323,0.917304801286061
"318",2.3306377095703e-07,7.4962244658309e-06,0.0301530959125961,0.969839174799167
"319",1.34191376324446e-07,5.21848209578275e-06,0.0250698382296423,0.974924809096886
"320",1.04042804551458e-07,4.03798539095402e-06,0.0251187024067399,0.974877155565065
"321",2.91187142143138e-06,9.72605969112986e-06,0.230404375167608,0.769582986901279
"322",1.20151505713267e-07,9.1303162591375e-06,0.0129885749899237,0.987002174542311
"323",2.47083755609821e-06,0.000400984697400851,0.00612171718817482,0.993474827276868
"324",9.91538847260145e-08,1.0577209794445e-05,0.00928713456216582,0.990702189074155
"325",1.88462506972983e-08,3.71202893387224e-08,0.336741374943122,0.663258569090338
"326",0.000392713396849141,0.000670652414403744,0.36891895027836,0.630017683910388
"327",4.11163307735004e-06,4.56615997128755e-06,0.473806804841309,0.526184517365642
"328",0.00527517917087925,0.00782356627522736,0.397448821580445,0.589452432973448
"329",0.578025513590304,0.350724841808387,0.0443435764782226,0.0269060681230864
"330",2.2682011075059e-05,4.35585684779148e-05,0.342395986849148,0.657537772571299
"331",1.44106825647157e-05,3.22714870290046e-05,0.30868337886178,0.691269938968626
"332",6.6816815688931e-06,1.1824782850322e-05,0.361039135473844,0.638942358061737
"333",1.22992119476786e-05,1.86556920350751e-05,0.397314468609107,0.602654576486911
"334",2.30738926824286e-08,3.90134320479778e-08,0.371636100444383,0.628363837468293
"335",0.000112791708277756,0.000134909401978272,0.455241276592718,0.544511022297026
"336",9.07838133641288e-07,1.03697097048803e-06,0.466799731727837,0.533198323463059
"337",0.0195277600970289,0.0187490632196452,0.490644150865139,0.471079025818187
"338",1.09095687988351e-06,1.03129192707779e-06,0.514055920786984,0.485941956964209
"339",5.88059472345423e-05,0.00170903216875658,0.0332055222186809,0.965026639665328
"340",1.40812938006077e-05,3.55037690748014e-06,0.798622306246517,0.201360062082775
"341",0.329839213715849,0.0657044486890164,0.50404903950621,0.100407298088924
"342",0.93097780498853,0.0579123534454622,0.0104592161492146,0.000650625416793119
"343",0.387314949228874,0.0133408933991257,0.579387412300114,0.019956745071886
"344",9.10750429176719e-07,1.22464306333822e-07,0.88147164076781,0.118527326017455
"345",3.04736623931536e-05,3.73381487019158e-06,0.890817517218462,0.109148275304274
"346",1.78865257051883e-05,1.88952267136273e-06,0.90443609561548,0.0955441283361433
"347",2.14298466244474e-05,2.56065095699318e-06,0.893242519835931,0.106733489666488
"348",2.89578673117852e-09,2.09382220658105e-10,0.93256977868268,0.0674302182121505
"349",8.08038843377574e-08,5.57497203647289e-09,0.935458985563935,0.064540928057209
"350",0.000316169480077158,0.00014937945295065,0.678816479414368,0.320717971652604
"351",0.0429671198957495,0.00563729186264291,0.841049748970696,0.110345839270912
"352",0.000302638657928976,0.000348215935165495,0.46468395149593,0.534665193910975
"353",0.0636181365326295,0.115471023582656,0.291613506140084,0.529297333744631
"354",0.450757388901838,0.547888714284742,0.000611106367423401,0.000742790445996971
"355",0.0588696911586438,0.122378781610629,0.265931341695213,0.552820185535515
"356",0.034679850452572,0.0668557548793601,0.306873738942985,0.591590655725083
"357",0.210425753188595,0.583225658819936,0.0547104892532354,0.151638098738233
"358",0.00186618647717029,0.998057859764778,1.41754642964769e-07,7.58120034090398e-05
"359",2.47629780844068e-05,3.51130049737942e-05,0.413546368878516,0.586393755138426
"360",5.18420739113172e-06,5.72356838018264e-06,0.475271123247088,0.524717968977141
"361",1.40485002457442e-06,2.43853811491597e-06,0.365522443792723,0.634473712819137
"362",2.78626597307652e-05,4.98704879789443e-05,0.358412012113086,0.641510254739204
"363",1.86032180348792e-06,4.06601110794902e-06,0.313905885207945,0.686088188459144
"364",3.38610817226177e-05,3.07790812757455e-05,0.523805809982769,0.476129549854233
"365",2.94940557482814e-06,1.24779054600578e-05,0.191177844717174,0.808806727971791
"366",7.41889754288138e-08,7.9618897067096e-06,0.00923191299822219,0.990760050923096
"367",3.94545761701252e-06,3.69208448265049e-05,0.0965415548960219,0.903417578801535
"368",2.3209489485448e-06,5.36200507140413e-06,0.302088377826342,0.697903939219638
"369",1.28593582999398e-05,2.85243080363161e-05,0.310722255202438,0.689236361131226
"370",9.07355118051702e-07,1.36150406013769e-05,0.0624788057433074,0.937506671860973
"371",2.66162492309124e-05,7.81567974182088e-05,0.254010562988753,0.745884663964598
"372",0.000161215442808341,0.000561353373058776,0.222953094596817,0.776324336587316
"373",3.05038256010995e-06,4.81482186220218e-06,0.38782953429338,0.612162600502198
"374",0.00234462856826749,0.00998973749091908,0.18774447345909,0.799921160481723
"375",0.145808738258748,0.839066330158896,0.00223921516646419,0.012885716415892
"376",5.1598975846562e-09,5.02285085787082e-06,0.00102622525917175,0.998968746730073
"377",2.10774391396133e-07,1.0779466075393e-08,0.951345858310511,0.0486539201356318
"378",0.00203349279116909,0.000785501425012604,0.719320520458081,0.277860485325737
"379",6.64453407148886e-09,1.27452794271651e-10,0.981179402471562,0.0188205907564513
"380",3.45272687490054e-08,4.99074514547263e-10,0.985751418006842,0.0142485469668148
"381",1.94531984960791e-05,3.13793846580266e-06,0.861079239129503,0.138898169733535
"382",9.08511043877762e-05,3.45245998995437e-05,0.724540008632004,0.275334615663709
"383",8.49128247082062e-05,3.72350301294531e-05,0.695079360187369,0.304798491957793
"384",5.00341813803382e-08,5.5486321562056e-10,0.98903189907551,0.0109680503354452
"385",5.28690870129222e-07,7.85985884145192e-09,0.985350606966833,0.014648856482438
"386",3.092949452176e-06,7.55867613343666e-08,0.976141487310647,0.0238553441531398
"387",7.32145040052294e-05,3.98922640753688e-06,0.948255365135752,0.0516674311338349
"388",6.35857428486682e-06,4.83341784280948e-07,0.929349427232489,0.0706437308514416
"389",4.39792419825384e-05,8.15886535992236e-06,0.843470375693609,0.156477486199049
"390",6.05965562197935e-05,4.56281152924747e-06,0.929913992104294,0.0700208485279573
"391",1.49052061409803e-06,2.69953512986017e-08,0.982209338285035,0.0177891441989998
"392",8.5741365631607e-06,3.58664534350602e-07,0.959840018658084,0.0401510485408188
"393",4.19169692711594e-05,1.48932468827774e-06,0.965646821865021,0.0343097718410196
"394",7.70142050239587e-06,9.73482089021744e-07,0.887774083013038,0.112217242084371
"395",1.46386657023233e-05,1.32539193327351e-06,0.916961861699835,0.0830221742425296
"396",1.94726791945426e-05,3.93038610688639e-06,0.832037308931956,0.167939288002742
"397",1.40265485784682e-05,3.17936153547392e-07,0.977821625307372,0.0221640302078956
"398",6.43604753278218e-06,1.74726658713627e-07,0.973562974485594,0.0264304147402147
"399",8.36078555316438e-06,3.3910610827307e-07,0.961013440235698,0.038977859872641
"400",5.11662576535532e-06,3.21266189309919e-08,0.993755193341939,0.00623965790567713
"401",1.33481906004895e-05,1.49982177712731e-07,0.988875356956593,0.0111111448706288
"402",0.000405030850410496,4.32573756270192e-06,0.989027806705424,0.0105628367066023
"403",3.88876576864521e-06,2.68872411490869e-08,0.993129506588254,0.00686657775873572
"404",4.00636900110547e-06,2.18535389262853e-08,0.994570886475396,0.00542508530206352
"405",1.80352410497835e-06,1.91667061367734e-08,0.989482586247385,0.0105155910618039
"406",8.32940797574185e-06,1.58936450271784e-06,0.83975364656542,0.160236434662101
"407",2.44131422844665e-05,5.83396911365024e-06,0.807098685759204,0.192871067129398
"408",2.28869996080365e-05,9.41979580213438e-06,0.708403910442245,0.291563782762345
"409",8.36429719610172e-06,5.24120795928997e-06,0.614764633880461,0.385221760614384
"410",4.58185593999745e-06,3.0443800143303e-06,0.600797172435091,0.399195201328954
"411",1.1458378634873e-05,1.85138062048993e-05,0.38228895435831,0.61768107345685
"412",1.98584000598911e-06,7.9960466948868e-07,0.712932657404516,0.287064557150809
"413",1.7365057058448e-06,7.11587750736183e-07,0.709328089599058,0.290669462307485
"414",7.73127822391351e-06,4.82669329851594e-07,0.941230105134507,0.0587616809179393
"415",1.99188986464599e-09,6.41501455190626e-07,0.00309542996549098,0.996903926541164
"416",6.76047914572518e-05,5.96654514434883e-07,0.991183980773421,0.00874781778060737
"417",0.448854034478951,0.264178854482019,0.180645728334263,0.106321382704768
"418",1.25345459809634e-06,4.45969423743111e-09,0.996453438041786,0.00354530404392184
"419",3.80408238216395e-07,1.94814485181131e-09,0.994904517383245,0.00509510026037193
"420",6.24678026180034e-07,6.09121040992055e-09,0.990342578419749,0.00965679081101434
"421",2.18495902458953e-05,1.3831441733151e-06,0.940443867946153,0.0595328993194279
"422",1.67563312107336e-05,7.25850360897279e-06,0.697732419814839,0.302243565350341
"423",2.98704413969392e-05,9.67896253081559e-07,0.968583993766653,0.031385167895697
"424",3.39416690408476e-06,4.35157352198308e-08,0.987338155421678,0.0126584068956831
"425",4.65301947169963e-07,1.63822390404112e-10,0.999647581018282,0.000351953515948397
"426",3.61333749504391e-06,6.4660479945519e-08,0.982416039858289,0.0175802821437363
"427",3.81362969430641e-05,1.39690102728513e-06,0.964626978113158,0.0353334886888721
"428",4.0331824496615e-05,1.50793499128625e-06,0.96391894973585,0.0360392105046619
"429",9.37466288177468e-07,7.57529016068326e-09,0.991983235151805,0.00801581980661652
"430",7.73616181032373e-05,7.54633595958023e-06,0.911045971373795,0.0888691206721421
"431",9.90581085500616e-07,1.35355025291985e-08,0.986518998541137,0.0134799973422748
"432",5.64756249957051e-05,2.54490129559889e-06,0.956824605322365,0.0431163741513435
"433",5.83679541528884e-07,1.05167618974486e-08,0.982300279121513,0.0176991266821832
"434",4.22374250730923e-05,8.9168294800448e-06,0.82564519448184,0.174303651263607
"435",6.68914788065103e-07,1.22976896392766e-08,0.981946682254235,0.0180526365332869
"436",2.70382650984823e-05,1.39428466470008e-06,0.950934635017347,0.0490369324328903
"437",1.19463252153784e-06,2.47202633370514e-08,0.979725539382698,0.0202732412645171
"438",2.40413031785211e-05,1.41849394514807e-06,0.944260905734779,0.055713634468097
"439",1.58872799412121e-05,4.26084221824839e-07,0.97386539082024,0.0261182958155974
"440",3.5255821984651e-07,1.32762868902802e-09,0.996248074174519,0.00375157193963267
"441",9.93700789916023e-06,1.14094438532365e-06,0.896997708807502,0.102991213240214
"442",4.88089521992175e-05,4.63739675915825e-06,0.913183865504762,0.08676268814628
"443",1.01488444811268e-05,3.251265954579e-06,0.75736006312663,0.242626536762934
"444",1.55654532965326e-05,6.47496216809837e-06,0.70620765985346,0.293770299731075
"445",0.000298456621425675,0.000121994872305906,0.709549470845355,0.290030077660914
"446",2.34297446920348e-07,7.60413936302531e-10,0.996764758230217,0.00323500671192185
"447",1.76886521048377e-07,3.02530611860223e-09,0.983184329845244,0.016815490242929
"448",9.98060411883271e-07,3.64920895257853e-08,0.964725693454921,0.0352732719925773
"449",9.64804896815273e-06,3.67323142047085e-06,0.72424873302919,0.275737945690421
"450",3.24556767958144e-05,1.59519249327024e-05,0.670434075134518,0.329517517263753
"451",2.19095392902106e-06,2.49918396186516e-05,0.0805985730984708,0.919374244107981
"452",3.88449871920827e-05,1.94325133904805e-06,0.952318711773566,0.0476404999879026
"453",2.27548954865836e-05,5.00960945429357e-07,0.97843596379785,0.0215407803457174
"454",1.49255932008081e-05,2.0800323208769e-07,0.986240606394189,0.0137442600093782
"455",2.65996426230189e-06,5.86976720597521e-08,0.978406692328547,0.0215905890095188
"456",1.16809410723514e-06,3.05617011804399e-08,0.974502187276241,0.0254966140679506
"457",8.39759412029162e-05,0.0010124021398659,0.0765099861718044,0.922393635747127
"458",1.37271698136266e-06,2.79612172939446e-08,0.980035999663939,0.019962599657862
"459",7.9583307339043e-07,8.21935079410752e-09,0.989776797583869,0.0102223983637069
"460",4.08010722678303e-05,7.56581893950871e-07,0.981753602167974,0.0182048401778641
"461",0.00094013538606916,1.18359128579104e-05,0.9866268082064,0.0124212204946727
"462",0.0105737069848975,0.000100859425455812,0.979977719501335,0.00934771408831131
"463",8.66761416007084e-07,9.046599429631e-09,0.989669701136824,0.0103294230551609
"464",6.2357437286339e-07,6.84493970177654e-09,0.989141619429058,0.0108577501516291
"465",0.000159859244799012,2.74753224459044e-06,0.982943352721245,0.0168940405017111
"466",0.00372733772193024,0.000113559622008644,0.96670675310639,0.0294523495496714
"467",0.7551422729406,0.240929815762022,0.00297782851126196,0.000950082786115826
"468",0.000444194099561029,1.00840610288118e-05,0.977357818183577,0.0221879036558329
"469",1.33974939994589e-06,6.22897292786624e-08,0.955570706721861,0.04442789123901
"470",1.60210400379072e-05,4.81933829303777e-07,0.970781131450077,0.0292023655760555
"471",5.72481100348753e-07,9.38558575543957e-08,0.859145980263408,0.140853353399634
"472",8.46002492085999e-06,6.52944946792393e-07,0.928341468014444,0.0716494190156883
"473",4.09662792850801e-07,5.76178170400935e-07,0.415546121797569,0.584452892361468
"474",1.96422870886557e-06,2.6776671510493e-06,0.423150292552337,0.576845065551803
"475",3.53124915565685e-09,1.422647174899e-07,0.0242204823772646,0.975779371826769
"476",1.67076539039501e-08,2.1467468514898e-06,0.00772265731312904,0.992275179232366
"477",5.44131608918343e-10,3.10716144861722e-08,0.0172107781381668,0.982789190246087
"478",3.17723119247617e-08,8.8796462688456e-07,0.0345449675466169,0.965454112716444
