"","(1,R1)","(2,R1)","(3,R1)","(4,R1)"
"1",6.78892511311956e-06,8.85956912730408e-05,0.071167425223161,0.928737190160453
"2",3.44649399717139e-06,3.99223995047119e-05,0.0794658163550015,0.920490814751497
"3",0.00362123591910656,0.0028740082105884,0.553899905211062,0.439604850659243
"4",0.000397610561200367,0.000147628816260867,0.728842751812732,0.270612008809807
"5",0.000278983330180714,8.56456620533413e-05,0.764836616697682,0.234798754310084
"6",0.00188739104791041,0.000173623867867399,0.913870682055663,0.0840683030285589
"7",3.60107737981016e-07,5.81605631180063e-06,0.0583056912015285,0.941688132634422
"8",0.000120523279397282,0.000246154719335937,0.328569171258207,0.67106415074306
"9",0.000757005768144793,0.000760789944294932,0.497996391636024,0.500485812651537
"10",0.00245272595732975,0.000369218850292009,0.866708836205477,0.130469218986901
"11",4.70532755925288e-09,3.13067399936904e-07,0.0148072054549899,0.985192476772283
"12",1.51895049901212e-09,1.27817219963554e-07,0.0117442034747466,0.988255667189083
"13",2.93606236062314e-09,1.44550465046194e-07,0.0199073229210615,0.980092529592411
"14",1.25745137847578e-07,1.64604638096657e-06,0.0709704915720388,0.929027736636442
"15",7.88103266191892e-06,6.60428863893294e-05,0.106602168367659,0.89332390771329
"16",3.88476725508184e-06,8.71916422370366e-05,0.0426500502829406,0.957258873307567
"17",1.96836176600063e-05,3.2260230861056e-05,0.378920618659423,0.621027437492056
"18",2.24667162404707e-05,3.98518095657313e-05,0.360491777640849,0.639445903833345
"19",0.000155501680233879,0.000143421596341937,0.520050492363321,0.479650584360103
"20",0.002184012674689,0.0011724403850757,0.64850665267968,0.348136894260555
"21",0.000625427078736721,0.000193492850252684,0.763096466352938,0.236084613718073
"22",0.000852783254031315,0.0011097627956494,0.433676258329505,0.564361195620814
"23",0.00191094978743678,0.00055404930511058,0.77332251509063,0.224212485816823
"24",0.00569830275148307,0.0127325455468175,0.303473725538094,0.678095426163606
"25",0.00381082442226608,0.0214924689141547,0.146795042237031,0.827901664426548
"26",0.0046587329282924,0.0378397869032817,0.104962330270036,0.85253914989839
"27",0.00135345569839631,0.0400434245411302,0.0313411746835329,0.92726194507694
"28",2.25353920746605e-08,9.71939532781285e-07,0.022660571021479,0.977338434503596
"29",2.41262065165853e-07,9.68938132934394e-06,0.0242944650909226,0.975695604265683
"30",5.66247799130754e-07,3.81735539019082e-05,0.0146161270306171,0.985345133167682
"31",4.97367023652883e-08,1.75016062252708e-06,0.0276330278157978,0.972365172286877
"32",6.66166388838682e-06,0.000108265322838364,0.0579576518373917,0.941927421175882
"33",2.93551241517862e-08,1.39556709165754e-06,0.0206011822942522,0.979397392783532
"34",1.68344375042341e-07,3.84745769260483e-06,0.041920317826641,0.958075666371291
"35",2.17850900672533e-05,5.35972092369744e-05,0.288972982492347,0.710951635208349
"36",9.41414725414823e-07,1.31929413255957e-05,0.0666037713869956,0.933382094256954
"37",2.25587310921968e-05,1.21297431218364e-06,0.948951471884308,0.0510247564102876
"38",2.8127675099529e-07,1.29569516911029e-05,0.021247029284896,0.978739732486662
"39",8.54380004677915e-09,1.05780571280823e-06,0.00801218627955034,0.991986747370937
"40",8.30748908220035e-08,1.3627388193878e-05,0.00605914995821581,0.993927139578699
"41",7.62944647550742e-09,7.55448908906774e-07,0.0099982401542759,0.990000996767369
"42",9.81003005075723e-08,1.35124929355508e-05,0.00720754515272657,0.992778844254037
"43",9.71245375119213e-07,1.18692073111884e-05,0.0756385251841313,0.924348634363182
"44",2.86627581150822e-07,2.75731815061494e-06,0.0941628839439757,0.905834072110292
"45",7.22412716629715e-06,2.08479991724325e-05,0.257334420717543,0.742637507156119
"46",3.11473099888822e-05,4.09923826856692e-05,0.431732682477852,0.568195177829473
"47",1.2152944226129e-06,8.28011537182447e-06,0.127986354375803,0.872004150214402
"48",3.84608923559641e-06,9.10270851983251e-06,0.297019036516518,0.702968014685727
"49",1.07307659560393e-05,4.27805943334507e-05,0.20052175239252,0.799424736247191
"50",2.02415569646895e-05,1.28619306457088e-05,0.611442731858903,0.388524164653487
"51",3.003791616217e-05,2.73085227379128e-06,0.916632918791287,0.083334312440277
"52",2.75751261063611e-05,0.00018569311660397,0.129270278862472,0.870516452894817
"53",0.00200370060651315,0.00823240933702966,0.193744549223212,0.796019340833245
"54",0.0079538101291337,0.0321899864228916,0.190179172107008,0.769677031340967
"55",0.0166262771487552,0.0141266653775411,0.524013927753211,0.445233129720493
"56",6.90095837724775e-07,1.10508368351247e-05,0.0587762279696748,0.941212031097652
"57",1.87885367339624e-06,4.92137811961878e-06,0.276290713896788,0.723702485871419
"58",4.26708683830484e-08,1.13097859067787e-06,0.0363573790904733,0.963641447260068
"59",6.09309056057151e-07,1.1549651866984e-05,0.0501113254124804,0.949876515626596
"60",1.8155891286022e-06,8.91946671754309e-06,0.169125309096872,0.830863955847281
"61",7.33370874013945e-08,2.19812428876716e-06,0.0322862284115682,0.967711500127056
"62",1.21512214804332e-06,1.15690367521949e-05,0.0950478340586066,0.904939381782493
"63",2.80088465690797e-08,2.79381214027961e-06,0.00992577759668866,0.990071400582324
"64",2.10441196270593e-08,1.64212815990141e-06,0.0126529794213677,0.987345357406353
"65",1.04257958997448e-07,1.14431248281466e-06,0.0835017595584976,0.916496991871061
"66",2.22440484425756e-07,1.29670050763882e-05,0.0168648143345738,0.983121996219865
"67",0.00197996368490922,0.0166715549736801,0.104175664773657,0.877172816567754
"68",3.09239449347305e-08,1.53377400454933e-06,0.0197634927292478,0.980234942572803
"69",3.80118295507187e-05,1.28088727473248e-06,0.967363395397582,0.0325973118855926
"70",5.44224933578097e-10,2.6005795997535e-08,0.0204980975548367,0.979501875895142
"71",7.17294373541783e-08,6.83254787493133e-07,0.0950077906781314,0.904991454337644
"72",0.00014340546188502,5.16627693128135e-05,0.735011986087145,0.264792945681657
"73",4.09425769168781e-07,3.12181039152792e-06,0.115943625619455,0.884052843144384
"74",7.7843465827928e-08,5.68717690360494e-07,0.120396059602878,0.879603293835966
"75",1.46874376840655e-05,3.94209057582171e-05,0.271430282961985,0.728515608694573
"76",8.89593208929784e-05,1.42099665344025e-05,0.862176576394815,0.137720254317758
"77",1.1712460622877e-06,1.05511585379804e-05,0.0999139999348496,0.90007427766055
"78",0.0364729975923522,0.016441921720837,0.652803260705961,0.29428181998085
"79",1.07275497910186e-07,1.14284368167496e-06,0.0858121094011437,0.914186640479677
"80",4.8293924772728e-07,5.15281273362339e-06,0.0856915860739701,0.914302778174048
"81",2.36233243654926e-05,0.000121739563935396,0.162489137956178,0.837365499155521
"82",8.71628188492302e-06,0.000119968332463353,0.0677249590223981,0.932146356363254
"83",9.45556872280946e-07,2.18158978046842e-05,0.0415410773806099,0.958436161164713
"84",2.05685549156556e-07,2.07174437893737e-05,0.00983032902217179,0.99014874784849
"85",2.03038180617097e-07,4.93814537180029e-06,0.0394922948559334,0.960502563960514
"86",4.12524647656204e-06,2.03245226673953e-05,0.168719205115993,0.831256345114863
"87",6.69351903805269e-07,2.23208279161943e-05,0.0291140182688946,0.970862991551285
"88",0.00144229776031565,0.00192590660838885,0.426767395724048,0.569864399907247
"89",0.00123847553194162,0.00062137573721615,0.664661831917084,0.333478316813758
"90",0.027621060234294,0.00787281156499589,0.750571310282089,0.213934817918621
"91",0.000205056195882963,5.76128558379908e-05,0.780458651764673,0.219278679183606
"92",8.76414804271992e-05,1.32609762716611e-05,0.868488637972927,0.131410459570375
"93",0.0406511028571991,0.0410518174078458,0.456896631364865,0.46140044837009
"94",0.000104872048196314,0.000488028351823992,0.176774833535949,0.82263226606403
"95",0.541443951920939,0.351401130219765,0.064981465826518,0.042173452032778
"96",0.692221498565834,0.29296246501875,0.0104102170857194,0.00440581932969627
"97",0.795486480009948,0.20182754941649,0.00214240772106873,0.000543562852493562
"98",4.55245886396809e-09,2.92872968626091e-07,0.0153062149002147,0.984693487674358
"99",0.000107444885680203,8.78223221183444e-05,0.550137969546893,0.449666763245309
"100",1.64462271054443e-10,1.72779498868732e-08,0.00942887180378179,0.990571110753806
"101",8.0898582260171e-09,7.92979587767471e-07,0.0100988145109514,0.989900384419602
"102",4.46253954462228e-07,7.87944987507092e-06,0.0535991008352975,0.946392573460873
"103",7.70659087518901e-05,2.30000723600501e-05,0.770073867460694,0.229826066558194
"104",2.88663371419108e-07,6.53112672344136e-06,0.0423270216209511,0.957666158588954
"105",1.93217013151231e-05,6.16060978183121e-05,0.238733017074945,0.761186055125922
"106",8.00642940605124e-08,8.43954638315373e-06,0.00939756697545213,0.990593913413871
"107",1.70437062573224e-05,0.000787326327694109,0.0211718439175095,0.978023786048539
"108",2.59294894613876e-08,3.71032970266234e-06,0.00693993410220444,0.993056329638603
"109",4.55921566129186e-07,3.02705852479553e-05,0.0148375980390683,0.985131675454118
"110",4.22789524630354e-07,3.13226375925458e-05,0.0133177008907707,0.986650553682112
"111",4.85971554435664e-08,2.93335393413315e-06,0.016297051517409,0.983699966531501
"112",6.69288021743499e-06,0.000124223790924144,0.0511165151808629,0.948752568147995
"113",1.10599252359118e-07,3.90990334343225e-06,0.027508701974303,0.972487277523101
"114",7.20270337893787e-05,1.48813023388453e-05,0.828698111691574,0.171214979972298
"115",8.58249245956802e-08,4.22844100517852e-06,0.0198931998446892,0.980102485889381
"116",3.23685553357632e-06,8.29969365616669e-05,0.0375325765991419,0.962381189608763
"117",2.24689939378232e-08,8.42925277535798e-07,0.0259638585947925,0.974035276010936
"118",3.80971179603747e-06,5.01000318378615e-05,0.0706645247902045,0.929281565466161
"119",1.01998448306103e-07,3.12313342914003e-06,0.0316260305697714,0.968370744298351
"120",6.97285289215515e-07,7.17701225516758e-06,0.0885513653317633,0.911440760370692
"121",2.10839392930997e-07,1.65674519297933e-05,0.0125659908599088,0.987417230848768
"122",8.81150796318267e-06,1.91644024535547e-05,0.314958881479462,0.685013142610121
"123",3.16187287043763e-10,2.87483750499235e-08,0.0108787902665838,0.989121180668854
"124",1.22250355182112e-06,1.36142498209086e-06,0.473116952313106,0.52688046375836
"125",6.46063413937482e-06,7.34818973387766e-06,0.467856276893348,0.532129914282779
"126",3.53082564535441e-05,3.86723201057622e-05,0.477228564176865,0.522697455246576
"127",3.26642866108778e-05,3.6048378473413e-05,0.475342385870562,0.524588901464353
"128",7.09413366514197e-07,1.4552266737772e-07,0.829784605968349,0.170214539095617
"129",9.96265978075125e-05,1.13387185015932e-05,0.897717827731723,0.102171206951967
"130",4.61145639466348e-07,6.62679808487856e-08,0.874352459794874,0.125647012791506
"131",1.24857557288555e-05,1.27440545889291e-06,0.907371923372589,0.0926143164662232
"132",1.25501772923092e-05,4.78343390261656e-07,0.963272353618304,0.0367146178610139
"133",3.18316598531371e-05,8.51223691934773e-07,0.973923229840125,0.0260440872763299
"134",2.99994228583275e-05,6.69698140130875e-07,0.978133765356558,0.0218355655224434
"135",5.26771062579486e-06,3.36926257975455e-07,0.939879105717542,0.0601152896455745
"136",1.07893391966426e-05,6.62850330404103e-08,0.993883156173475,0.00610598820229569
"137",2.37448925732155e-06,1.3996982356813e-07,0.944331647634258,0.0556658379066606
"138",3.70069630427359e-05,3.07206193209809e-06,0.92331287657262,0.0766470444024048
"139",2.59397727707202e-05,1.77694963819942e-06,0.935862957479107,0.0641093257984839
"140",6.80029533041589e-06,4.12224349741014e-08,0.993967864919655,0.00602529356257988
"141",0.000296482079177034,7.7196031976851e-05,0.793119215354969,0.206507106533877
"142",1.87431647771441e-10,2.08892039136282e-08,0.00889286353483665,0.991107115388528
"143",8.14365660475922e-08,1.14364898938794e-06,0.0664741053549356,0.933524669559509
"144",2.05827987461778e-07,7.4270631016687e-06,0.0269657216375419,0.973026645471369
"145",3.89001252099529e-06,8.75093018599575e-05,0.0425567412935487,0.95735185939207
"146",4.93893498260752e-08,2.02975789722836e-06,0.0237545691909581,0.976243351661795
"147",2.13366578052378e-06,6.05146612508737e-05,0.0340556916845189,0.96588165998845
"148",1.34476310016094e-07,3.16348053243717e-06,0.0407755082746912,0.959221193768466
"149",8.76121228422369e-06,3.41154731273842e-05,0.204326350051979,0.79563077326261
"150",2.78816117869296e-07,4.18359041675034e-06,0.062480832150851,0.937514705442614
"151",3.97323894363853e-06,2.17642177185964e-05,0.154371767759138,0.8456024947842
"152",2.04677731816974e-06,2.37528699937592e-05,0.0793314919111498,0.920642708441538
"153",1.27910450445272e-06,5.97871824600077e-07,0.681469491013418,0.318528632010252
"154",7.91039773864558e-06,2.36940215833745e-06,0.769501011752309,0.230488708447794
"155",4.00739982682682e-05,2.31689473519485e-05,0.633611598536382,0.366325158517998
"156",1.32946374810963e-05,1.75863179921723e-06,0.883159472256609,0.116825474474111
"157",8.32525313538641e-06,4.8542967274841e-08,0.994194666236063,0.00579695996783391
"158",4.30406060496334e-06,2.65838450373812e-07,0.941824071762414,0.0581713583385303
"159",1.84151555159639e-05,4.7543180052041e-07,0.97481392898735,0.0251671804253331
"160",9.85663031933725e-06,7.749494732728e-07,0.927098862074735,0.0728905063454725
"161",4.69003264280733e-06,1.2574199512734e-06,0.788573708637595,0.211420343909811
"162",6.8138772892998e-07,5.06076185355018e-08,0.930862788290419,0.0691364797142334
"163",2.45686797039476e-05,1.85034298740263e-06,0.929937148336859,0.0700364326404494
"164",7.89669582124107e-06,3.38604450743606e-07,0.958875879297692,0.0411158854020364
"165",4.6983691527088e-05,4.68687000953751e-06,0.909246241112788,0.0907020883256756
"166",1.52296727330539e-06,6.57842212161757e-08,0.958592239843955,0.0414061714045506
"167",3.48305412476637e-06,5.62299555545547e-09,0.998384732489612,0.00161177883326755
"168",7.39120730160265e-07,1.00038355591967e-08,0.98664522602715,0.0133540248482841
"169",5.29880276556359e-06,4.90031915359829e-08,0.990831468288432,0.0091631839056106
"170",1.28677894381301e-06,8.87753396265907e-09,0.993146948023309,0.00685175632021325
"171",2.80183323515326e-05,4.09908353174381e-07,0.985552927128459,0.0144186446308365
"172",2.69507082609665e-06,3.30117383025242e-08,0.987896594073381,0.0121006778440545
"173",2.6703919796033e-06,6.52719914923899e-08,0.976137677186511,0.0238595871495181
"174",1.62797862394304e-06,8.39161756846768e-09,0.994870181984923,0.00512818164483554
"175",2.86676792738945e-06,4.46451986539786e-09,0.998442219115082,0.00155490965247067
"176",9.83314286541739e-07,1.5122947829238e-09,0.998463421676804,0.00153559349661497
"177",3.02882140019868e-06,5.13568891294404e-09,0.998304235005311,0.00169273103759949
"178",3.0004793872786e-06,5.01272639010172e-09,0.998329144074477,0.00166785043340981
"179",5.79859811062305e-06,5.35468485968253e-08,0.990844248868252,0.00914989898678847
"180",8.87429654960716e-07,5.12530908141605e-09,0.994256822977103,0.0057422844679334
"181",4.24098279019718e-06,1.97027100612181e-07,0.955600386888769,0.0443951751013399
"182",1.00940026114636e-05,3.37730980201629e-07,0.967614560400807,0.032375007865601
"183",4.14348499315284e-07,3.41385056588062e-10,0.999176355885226,0.000823229424889941
"184",1.76822274617355e-05,6.05436641568236e-08,0.996570017420624,0.0034122398082505
"185",0.000217759718597108,9.74250324512543e-07,0.995328198098034,0.00445306793304413
"186",2.12042847426384e-07,8.88315611005963e-11,0.999581031260724,0.000418756607596779
"187",4.07646542719924e-07,8.18510618148641e-10,0.997995722961303,0.0020038685736432
"188",8.02762574602731e-06,3.59211985362297e-08,0.995537208387241,0.00445472806581438
"189",6.69909163865024e-07,6.17272444930993e-09,0.990869186899602,0.00913013701850983
"190",4.24817912610798e-06,1.21885715067558e-08,0.997134831737948,0.00286090789435464
"191",4.40353490312924e-06,2.64355884076514e-07,0.943362762466262,0.0566325696429508
"192",1.71388959726149e-07,2.43393506149462e-10,0.998581718904067,0.0014181094635802
"193",1.45397120872931e-06,1.55438287428912e-08,0.989421023277048,0.0105775072079146
"194",5.72727725733299e-06,5.37572573333673e-07,0.914186537842613,0.0858071973075569
"195",1.00242866087854e-06,1.18417892136228e-09,0.998819081497728,0.00117991488943208
"196",4.90437688026742e-06,1.20092037274752e-08,0.997552406313879,0.0024426773000372
"197",5.70035271543838e-06,1.68120447297471e-08,0.997053673404207,0.00294060943103256
"198",5.15331255021313e-10,2.03197517043317e-07,0.00252969390171704,0.997470102385435
"199",4.87466324177824e-07,1.54699698218699e-05,0.0305474225936863,0.969436619970168
"200",6.7127409526865e-05,9.18231513398247e-06,0.879603318594668,0.120320371680671
"201",4.56763641542361e-08,4.32389102794355e-06,0.0104532463902235,0.989542384042384
"202",1.4820404157723e-06,5.4809568553132e-05,0.0263264279788375,0.973617280412194
"203",3.08699313881288e-08,3.25211906401336e-06,0.00940296482434859,0.990593752186656
"204",8.15074241751598e-09,7.08371283371545e-07,0.0113754166431292,0.988623866834845
"205",1.1329319270376e-05,6.98325180477708e-05,0.139577911692686,0.860340926469996
"206",5.97166975696952e-06,2.78142752550032e-05,0.176744146015373,0.823222068039615
"207",1.7287975758769e-08,3.56059711149609e-06,0.00483188070124481,0.995164541413668
"208",1.94122450566106e-07,1.92697069878784e-05,0.00997330318855032,0.990007232982011
"209",5.09530755193086e-07,8.20942332225396e-05,0.00616786259488353,0.993749533641139
"210",6.56278143141743e-09,7.46490933262007e-06,0.000878372066120216,0.999114156461766
"211",6.72291681848971e-09,2.29748872663176e-06,0.00291765790984367,0.997080037878513
"212",1.95228302499613e-08,1.40755706584572e-06,0.0136802448431478,0.986318328076956
"213",9.17342507853543e-07,2.34696029545451e-05,0.0376152125359946,0.962360400518543
"214",0.000112554146970843,0.00114583909284869,0.0893301918955814,0.909411414864599
"215",2.66056390997985e-06,2.24980678802634e-05,0.105748873627693,0.894225967740517
"216",7.50976877081818e-07,1.99929025015089e-05,0.0362015843421802,0.963777671778441
"217",2.82916475179369e-07,6.67820000192178e-06,0.0406421163466362,0.959350922536887
"218",1.18116233130944e-05,3.14215998669339e-05,0.273195283390386,0.726761483386434
"219",8.66767309967786e-07,1.10542002328748e-05,0.0727086097791804,0.927279469253277
"220",7.03296659984951e-06,3.36262659090728e-05,0.172966389448745,0.826992951318747
"221",2.33544189029176e-06,2.51321992495643e-05,0.0850228721615028,0.914949660197357
"222",2.04487757102284e-09,9.8250952055488e-07,0.00207695538369648,0.997922060061905
"223",6.40588800167813e-08,1.02908178508726e-05,0.00618628481630156,0.993803360306968
"224",4.94499344128186e-08,1.131123879301e-05,0.00435267383993575,0.995635965471337
"225",1.51542192715198e-07,1.70371549399828e-05,0.00881623468797243,0.991166576614895
"226",1.76314033520889e-09,2.12125498760716e-06,0.000830485886495389,0.999167391095377
"227",6.9525874622237e-08,1.25834672521906e-05,0.0054947469120562,0.994492600094817
"228",2.78940250077494e-09,9.13707790085752e-07,0.0030435444503907,0.996955539052417
"229",1.00600757624603e-05,3.8223801653239e-05,0.208342630323317,0.791609085799267
"230",1.84841049619506e-09,8.0775033539465e-07,0.00228311741971677,0.997716072981537
"231",2.90230551136282e-07,1.42433418924407e-05,0.0199693732684289,0.980016093159128
"232",5.13956856710688e-07,1.66353913142687e-06,0.236030624337126,0.763967198166886
"233",2.3935420575142e-07,2.0291216937603e-05,0.0116581896334796,0.988321279795377
"234",2.35188077361175e-08,5.99518987850418e-06,0.00390759337414558,0.996086387917168
"235",1.84200574211649e-07,2.1564454339066e-05,0.00846933149803544,0.991508919847051
"236",8.20784657753139e-08,1.33977997197198e-05,0.00608887990218725,0.993897640219627
"237",1.6391574546807e-08,5.77276473412026e-06,0.00283141079277473,0.997162800050917
"238",2.07811019495109e-06,0.00128629229833173,0.00161089761572809,0.997100731975745
"239",0.0011045698780979,0.0154886395363609,0.0654630151205832,0.917943775464958
"240",0.590881435180708,0.336370132786829,0.0463581830556611,0.0263902489768018
"241",1.33496010797885e-06,0.00018879285898167,0.00702004736243046,0.99278982481848
"242",1.89155525823536e-06,0.00042278434625449,0.00445222333917656,0.995123100759311
"243",3.59816384457169e-09,2.74588339757384e-06,0.00130866633258319,0.998688584185855
"244",2.00250702459877e-10,7.26852960208782e-07,0.000275427649395812,0.999723845297393
"245",1.11194138494919e-10,6.82023970801322e-08,0.00162770144147433,0.998372230244934
"246",7.34725067137527e-10,9.73318932428922e-07,0.000754295562489441,0.999244730383853
"247",4.29375209353572e-10,2.63814491179464e-08,0.0160149942650013,0.983984978924174
"248",3.76321405828808e-08,6.37779831778116e-07,0.0557172758340872,0.944282048753941
"249",1.04424390087066e-09,3.7255405502881e-08,0.0272651023477566,0.972734859352594
"250",3.2253454002353e-08,4.60426072647101e-07,0.0654653509373146,0.934534156383159
"251",4.78769541423402e-09,6.75883201992985e-08,0.066150298923398,0.933849628700586
"252",9.15370000306187e-09,2.11779407985306e-07,0.0414319884604548,0.958567790606437
"253",7.18370856208915e-09,3.72350200766689e-09,0.658620133698914,0.341379855393876
"254",3.83268159570589e-08,2.0502775535855e-08,0.65148869352466,0.348511247645748
"255",4.60050903951051e-08,3.45844258529031e-09,0.93008091714283,0.0699190333936368
"256",2.73720697980108e-06,0.00176741623621976,0.00154357336305392,0.996686273193747
"257",5.21557608922518e-06,0.000140643456684146,0.0357524333679352,0.964101707599291
"258",1.22681398540306e-05,0.00638112207556128,0.00190661048958587,0.991699999294999
"259",0.0236147646137941,0.507311925018112,0.0208636258588459,0.448209684509248
"260",0.0110159447776582,0.522616588636499,0.00962737077729625,0.456740095808547
"261",0.13593896165497,0.832412685125957,0.00444285326409299,0.0272054999549797
"262",0.671821982136984,0.306923577155192,0.0145892876345411,0.00666515307328297
"263",0.0956543876429739,0.9028501302471,0.000143263673717016,0.00135221843620873
"264",0.021584521633653,0.978365957996651,1.06892642463252e-06,4.84514432709499e-05
"265",0.161240464171987,0.837233187705232,0.000246485302183496,0.00127986282059729
"266",2.49362305047144e-05,0.00628802491516061,0.00392506915196724,0.989761969702367
"267",4.79746646967495e-05,0.0075522500593004,0.0062642945693001,0.986135480706703
"268",0.00431405641687939,0.00123980858800467,0.772452467991909,0.221993667003207
"269",0.000129010318598309,0.0208520945258926,0.00601987076056869,0.97299902439494
"270",9.08387922457407e-05,0.00200891502550304,0.0431708004903688,0.954729445691882
"271",0.00691084876588212,0.662660607617831,0.0034104525679694,0.327018091048318
"272",0.423414311672071,0.528581503466195,0.021350575882162,0.0266536089795727
"273",0.00517158922962519,0.673293473110831,0.00245089498759463,0.319084042671949
"274",0.00664402830159063,0.27506813505055,0.0169404283385921,0.701347408309267
"275",0.00677088676503725,0.861796538292444,0.00102457800799307,0.130407996934526
"276",0.000402942218979182,0.809626136988788,9.44994523411509e-05,0.189876421339892
"277",0.00966826865833072,0.978123042325865,0.000119495772090966,0.012089193243713
"278",0.0049853271556647,0.994595235929389,2.0919076654653e-06,0.000417345007280378
"279",0.0200817711921958,0.978644580159003,2.56097385533882e-05,0.00124803891024824
"280",0.0061374947147466,0.993830542061208,1.96180389202242e-07,3.17670436561334e-05
"281",0.00259661591038227,0.997397973941439,1.40481528418335e-08,5.39610002620743e-06
"282",0.0140116426728411,0.98598785535576,7.03344740118456e-09,4.94937951300564e-07
"283",0.0172063457452983,0.982767717039978,4.46296259889374e-07,2.54909184638935e-05
"284",0.0344444617012571,0.965555474437097,2.19968015071179e-09,6.16619655708793e-08
"285",0.0366028090242,0.963397144943436,1.68491390800523e-09,4.43474501471874e-08
"286",0.0319334294765906,0.968065104612677,4.68116256099293e-08,1.41909910667083e-06
"287",0.0185123547566123,0.981468992786303,3.45307343472108e-07,1.83071497416195e-05
"288",0.321396888208322,0.678600820634374,7.36372514904468e-07,1.55478478865319e-06
"289",0.360263452687417,0.639726991340993,3.44270021690736e-06,6.11327137244208e-06
"290",0.697897947099676,0.302091473709716,7.38327351638021e-06,3.19591709165274e-06
"291",0.510230106716032,0.489769218168738,3.4446434860285e-07,3.3065088179149e-07
"292",0.320070381498315,0.679920218459673,3.00870331486442e-06,6.39133869727877e-06
"293",0.891480234465944,0.108519719162617,4.1339223624877e-08,5.03221581896288e-09
"294",0.915558007114671,0.0844417622536515,2.11156728088484e-07,1.94749498043257e-08
"295",0.828905696632211,0.171089232865924,4.20298919152269e-06,8.67512672965076e-07
"296",0.937806800459434,0.0621905353239478,2.49852711955801e-06,1.65689499170395e-07
"297",0.959975667889605,0.0400241819188298,1.44180270233634e-07,6.01129545045992e-09
"298",0.986346646371635,0.0136473554656966,5.91630311886259e-06,8.18595490773383e-08
"299",0.972294046149076,0.0277054729449317,4.67582258069893e-07,1.33237343700645e-08
"300",0.996768791222395,0.00322865494006409,2.54559205974632e-06,8.24548125047998e-09
"301",0.964477110712113,0.0355214013756274,1.43505945225e-06,5.28528072207158e-08
"302",0.889632526174995,0.110365378124988,1.86440680749544e-06,2.31293209537575e-07
"303",3.43283058426191e-09,1.12662243740611e-07,0.0295691286274642,0.970430755277461
"304",7.32808589900242e-06,6.91131276796751e-06,0.514627177934417,0.485358582666916
"305",0.00220115446298736,0.00054899024309563,0.798176534070518,0.199073321223399
"306",1.9839281521436e-05,1.42692883297271e-05,0.581631095014671,0.418334796415478
"307",0.0773650027552207,0.000188889441499738,0.920199407796598,0.00224670000668176
"308",8.10468198419144e-07,2.95616098520811e-07,0.732735564744207,0.267263329171496
"309",2.62532803002095e-05,8.95983527741472e-06,0.745527778777342,0.25443700810708
"310",0.00170289352509688,0.000132247353966651,0.926233236351681,0.0719316227692558
"311",6.5011932842792e-05,3.72474967821202e-05,0.635689882077967,0.364207858492408
"312",1.2725415097482e-06,3.39621621433228e-07,0.789336658053426,0.210661729783443
"313",2.34671618698648e-05,6.66999477859412e-06,0.778655229823461,0.22131463301989
"314",3.28494303898286e-05,1.25952769594021e-05,0.722811070267218,0.277143485025432
"315",3.71320248899901e-06,6.53704546574868e-07,0.850301195683907,0.149694437409057
"316",2.11345038133747e-05,5.17377577590628e-06,0.803319264158581,0.19665442756183
"317",2.23745454727284e-05,2.37810831357362e-06,0.903902742571075,0.0960725047751391
"318",7.17284838557538e-06,5.4945700541249e-07,0.928840887725116,0.0711513899694928
"319",5.0670736523425e-06,2.80573989433721e-07,0.947528127289818,0.0524665250625406
"320",3.95590455259597e-06,1.82253784303031e-07,0.955953798858498,0.0440420629831647
"321",9.60079145896098e-06,3.02640154173733e-06,0.760317057590181,0.239670315216818
"322",9.07231768561085e-06,1.69984339973753e-07,0.981598936217071,0.0183918214809034
"323",0.00040130534332803,2.02063328537227e-06,0.994588768684785,0.00500790533860188
"324",1.05824214521301e-05,8.47271212896217e-08,0.992046608803882,0.00794272404754453
"325",1.4348556040967e-09,5.44190983499432e-08,0.0256894171742081,0.974310526971838
"326",0.000181093339092464,0.000881199982795123,0.170292857086087,0.828644849592025
"327",3.61376512467026e-06,5.05623517029532e-06,0.416808958521484,0.583182371478221
"328",0.00452372142573909,0.00856771827568917,0.341024325917408,0.645884234381163
"329",0.553597982751172,0.375141805742205,0.0424763855594946,0.0287838259471281
"330",3.43784327710143e-05,3.17804270097688e-05,0.519600223568034,0.480333617572185
"331",2.91057606823187e-05,1.7529319798916e-05,0.624088197822195,0.375865167097324
"332",9.5672755993917e-06,8.91369126912141e-06,0.517673066293314,0.482308452739818
"333",1.57012828805872e-05,1.52260949318953e-05,0.507666617463522,0.492302455158665
"334",1.45797554313974e-09,6.04940288385516e-08,0.0235339512799703,0.976465986768025
"335",5.4416706861881e-05,0.000193087902610645,0.219806970835989,0.779945524554539
"336",3.61133488178671e-08,1.90570421231555e-06,0.0185976681925017,0.981400389989937
"337",0.00909317829835132,0.0291665388075968,0.228576595191365,0.733163687702687
"338",3.50381065356395e-08,2.08403443620268e-06,0.0165346072778014,0.983463273649656
"339",0.00170967398278295,5.76594774990378e-05,0.965665199636235,0.0325674669034829
"340",6.40869477708092e-08,1.75562244723683e-05,0.00363704233204327,0.996345337356537
"341",0.0229111266607255,0.372639587665559,0.0350109698768791,0.569438315796836
"342",0.0273072260754239,0.961581267716485,0.000306833797710939,0.0108046724103802
"343",0.0111178742403652,0.389568989141354,0.0166291652970244,0.582683971321257
"344",1.33686770264419e-09,1.03071067396145e-06,0.00129535342991814,0.99870361452254
"345",2.14674457241829e-06,3.20306122178638e-05,0.0628097490258076,0.937156073617402
"346",1.39217799733032e-06,1.83666365404901e-05,0.0704571869369363,0.929523054248526
"347",1.81388450257844e-06,2.2155300178376e-05,0.0756738724904172,0.924302158324902
"348",8.59210312954571e-13,3.0994164034311e-09,0.000277139976356216,0.999722856923368
"349",7.16436713696897e-11,8.6153722871688e-08,0.000830888496790694,0.999169025277843
"350",0.000132186482951545,0.000332758020749713,0.284173750890768,0.715361304605531
"351",0.00428562704856498,0.0443290026017424,0.083869462877907,0.867515907471786
"352",0.000401833412037384,0.000248104235577064,0.617862723984024,0.381487338368362
"353",0.121478935234992,0.0574609248065001,0.557402423042721,0.263657716915786
"354",0.545343345017905,0.453302280130894,0.000739601008768311,0.000614773842432748
"355",0.12708848340223,0.0540089395166867,0.574680108076467,0.244222469004616
"356",0.069824800291033,0.0316046511554754,0.618582750920629,0.279987797632863
"357",0.613860738959346,0.179728515903021,0.159663770348443,0.0467469747891905
"358",0.998493437628841,0.00143057269560029,7.58809585426156e-05,1.08717016373016e-07
"359",4.43210481761499e-05,1.54421483623289e-05,0.741566749698577,0.258373487104885
"360",1.08279773051708e-05,7.05661314586531e-08,0.993514349779799,0.00647475167676421
"361",3.13697247290475e-06,6.97750198230133e-07,0.81804101952356,0.181955145753769
"362",6.51792558939958e-05,1.25228205526559e-05,0.838770266007222,0.161152031916331
"363",4.97639857351066e-06,9.44008317295026e-07,0.840545118433412,0.159448961159697
"364",3.98010875494818e-05,2.47853222138282e-05,0.616205748020087,0.38372966557015
"365",1.39285134114204e-05,1.48480011346075e-06,0.903653760393072,0.0963308262934031
"366",7.98516932716916e-06,4.40872165412922e-08,0.994501193071362,0.00549077767209404
"367",3.88093356715824e-05,2.02225082382239e-06,0.950434561958633,0.0495246064548714
"368",6.84386068592749e-06,8.27666045687754e-07,0.892105107952394,0.107887220520875
"369",3.97279036512926e-05,1.62041002592372e-06,0.960771007001444,0.0391876446848792
"370",1.43253882794079e-05,1.8410642538533e-07,0.987296988400993,0.0126885021043018
"371",9.64220981699343e-05,8.19261364085266e-06,0.921591326220916,0.0783040590672735
"372",0.000679159878653729,4.262190863383e-05,0.940269878480984,0.0590083397317288
"373",7.8295432480286e-06,2.78758104532438e-08,0.996444464747566,0.00354767783337566
"374",0.0116587501180838,0.000669016877993382,0.934072145168446,0.0536000878354773
"375",0.923344193315682,0.0615281400119585,0.0141825927154884,0.000945073956871478
"376",5.02014004871731e-06,2.78057225907861e-09,0.999441403072879,0.000553574006499902
"377",1.40118386503978e-10,2.21209303287515e-07,0.000633018846081317,0.999366759804497
"378",0.000723808238408647,0.00209437651367027,0.256111105751779,0.741070709496142
"379",6.53877435136134e-13,6.76496218948260e-09,9.66471381533985e-05,0.99990334609623
"380",9.98699576994225e-12,3.49827891398454e-08,0.00028540163209014,0.999714563375134
"381",2.37718637175681e-06,2.0192476965102e-05,0.105324243608835,0.894653186727828
"382",3.11308118876003e-05,9.41412695528582e-05,0.248474454228596,0.751400273689963
"383",3.38115706255807e-05,8.8235464962129e-05,0.277003401687061,0.722874551277352
"384",1.42058845598876e-11,5.05195689961307e-08,0.000281116617065527,0.99971883284916
"385",3.30518930114834e-09,5.327167167651e-07,0.00616614263724881,0.993833321340845
"386",5.01970067306964e-08,3.11547420244287e-06,0.0158566207627677,0.984140213566023
"387",2.37888324787919e-06,7.47610979300504e-05,0.030836146244106,0.969086713774716
"388",6.73135371702667e-07,6.16167372678446e-06,0.0984856725698308,0.901507492621071
"389",8.75376208517825e-06,4.33405324121569e-05,0.168028114183713,0.831919791521789
"390",1.43524025914142e-05,5.07526964183795e-05,0.220435394386906,0.779499500514084
"391",1.493462466942e-08,1.50114786825508e-06,0.00985078456943881,0.990147699348068
"392",4.10071760809526e-07,8.51486113758645e-06,0.0459463511507495,0.954044723916352
"393",9.01790490150035e-07,4.24682420583114e-05,0.0207920383379817,0.97916459162947
"394",2.19301695177135e-06,6.47326821688294e-06,0.253049363571958,0.746941970142873
"395",2.01344936771505e-06,1.39370598461687e-05,0.126229026620657,0.873755022870129
"396",1.13234368524391e-05,1.20589799166976e-05,0.484260125671237,0.515716491911994
"397",1.43841284688519e-07,1.41882017816517e-05,0.0100361980830806,0.989949469873853
"398",8.18070414192882e-08,6.52286003483541e-06,0.0123861657471167,0.987607229585807
"399",2.13410538070391e-07,8.47871428978608e-06,0.0245519579281034,0.975439349947069
"400",1.27604453023599e-08,5.13155718119336e-06,0.00248048051948699,0.997514375162887
"401",1.18436422021567e-07,1.3367978284479e-05,0.00878178725156483,0.991204726333729
"402",2.09132751411957e-06,0.000407131785648401,0.00510839106424906,0.994482385822588
"403",8.44455498467738e-08,3.82758915829535e-06,0.0215860097859296,0.978410078179362
"404",3.05957630624104e-07,3.71871171612968e-06,0.0760202572896043,0.923975718041049
"405",2.76426220011959e-09,1.81800165023087e-06,0.00151818372047317,0.998479995513614
"406",2.01458294765259e-06,7.89510742302323e-06,0.203292222905443,0.796697867404186
"407",6.22079797166361e-06,2.39997053374692e-05,0.205840713914848,0.794129065581843
"408",9.47518803799353e-06,2.28033274558622e-05,0.293535252412497,0.706432469072009
"409",4.74275172058702e-06,8.85088177594772e-06,0.348890328002984,0.651096078363519
"410",5.70958871258221e-06,1.90934732433966e-06,0.74938878393547,0.250603597128493
"411",2.52167083195691e-05,4.7297882345719e-06,0.842033495367706,0.15793655813574
"412",2.26668583815284e-06,5.16024229593241e-07,0.814558281473889,0.185438935816043
"413",2.12188934559014e-06,3.23758596846964e-07,0.867616356130702,0.132381198221356
"414",8.00827155196825e-06,1.9863910523657e-07,0.975788108740861,0.0242036843484822
"415",6.42393129312839e-07,5.46957904517314e-10,0.999148643962798,0.000850713097115133
"416",1.21889476642409e-07,6.80438176674968e-05,0.00178801296232895,0.998143821330527
"417",0.241657847601974,0.471383468107113,0.0972535762916841,0.189705107999229
"418",1.84556436428532e-09,1.25475582301086e-06,0.00146869330536208,0.998530050093251
"419",9.74243677327591e-09,3.72257724912941e-07,0.0255037406493721,0.974495877350466
"420",6.53454302217719e-08,5.64792927229394e-07,0.10370006566403,0.896299304197613
"421",1.29404515694053e-05,1.02722741657225e-05,0.557459358022303,0.442517429251962
"422",2.27757168719697e-05,1.21874599550588e-06,0.949184422533943,0.0507915830031899
"423",2.84772349227202e-05,2.33494049850716e-06,0.924191722520965,0.0757774653036139
"424",3.71964212068677e-07,3.06267854476338e-06,0.108297415725288,0.891699149631955
"425",1.00916876710854e-10,4.64971400419763e-07,0.000216991693601225,0.999782543234081
"426",5.59494367288172e-07,3.11476783658235e-06,0.152273376399155,0.847722949338641
"427",2.10821312731976e-05,1.84179137685109e-05,0.533703151624328,0.46625734833063
"428",3.45120351777619e-06,3.83535111841493e-05,0.0825519146776715,0.917406280607627
"429",2.33722563132872e-08,9.2076780146324e-07,0.0247550499039793,0.975244005955963
"430",7.97353833972104e-06,7.68647752876266e-05,0.0939771376549921,0.90593802403138
"431",3.11201670976767e-08,9.72051853721044e-07,0.0310217342917894,0.96897726253619
"432",1.94825700418897e-06,5.70233577683763e-05,0.0330352512787857,0.966905777106442
"433",2.7695476437622e-08,5.65920795253129e-07,0.0466554933176843,0.953343913066044
"434",8.6405841181412e-06,4.24712288957712e-05,0.16904394449615,0.830904943690836
"435",5.49158431627957e-08,6.25606553240443e-07,0.0806965444217276,0.919302775055876
"436",6.71396306585346e-06,2.16949113379045e-05,0.236326587048161,0.763645004077435
"437",1.06184271154102e-07,1.11186136465008e-06,0.0871758320834248,0.912822949870939
"438",2.46444540267099e-06,2.29739364582303e-05,0.0968765515292273,0.903098010088912
"439",2.01457144589711e-06,1.42849741081856e-05,0.123594771560576,0.87638892889387
"440",8.99297391016953e-10,3.52645028824731e-07,0.00254366144890888,0.997455985006765
"441",4.56345584244666e-07,1.06111078628298e-05,0.0412326589710468,0.958756273575506
"442",2.11752122736372e-06,5.12837721517052e-05,0.0396508776287684,0.960295721077853
"443",1.71833936705126e-06,1.16692191099576e-05,0.128351735354393,0.87163487708713
"444",4.00927389795725e-06,1.80116291594279e-05,0.182062724661097,0.817915254435846
"445",7.49550123134354e-05,0.000345358729254924,0.178256146021281,0.82132354023715
"446",1.49020606905136e-09,2.33353630106631e-07,0.00634551769956123,0.993654247456603
"447",1.26091267176676e-08,1.6712637193382e-07,0.0701537790028302,0.929846041261671
"448",8.5558381150315e-08,9.48004003995689e-07,0.0827799985274274,0.917218967910187
"449",3.74127584723384e-06,9.56748220881438e-06,0.281110081026573,0.718876610215371
"450",1.57103744196249e-05,3.26560147814505e-05,0.324804369832758,0.67514726377804
"451",2.52354786206353e-05,1.92440837652718e-06,0.929119963957289,0.0708528761557141
"452",3.88872018906825e-06,3.68650406635986e-05,0.0954160211901325,0.904543225049015
"453",3.68057552118458e-07,2.28679451257059e-05,0.0158396005128475,0.984137163484475
"454",4.32087134891903e-06,1.07998124986253e-05,0.285754669428601,0.714230209887551
"455",4.21175791680695e-07,2.29511336816572e-06,0.155055159027793,0.844942124683047
"456",2.19386438223317e-07,9.78078873829731e-07,0.183208793864376,0.816790008670312
"457",0.00103204324371511,6.40029578199331e-05,0.940573559028986,0.0583303947694794
"458",2.58649522510941e-07,1.14070736810176e-06,0.184834306604016,0.815164294039094
"459",1.76099524181022e-07,6.27020744349719e-07,0.219269005717024,0.780730191162707
"460",1.12994401462617e-05,3.02043264654424e-05,0.272239656767651,0.727718839465737
"461",0.000214222207157069,0.000736754732057359,0.225051184684866,0.77399783837592
"462",0.000752156694793213,0.00991641686824441,0.069749929675885,0.919581496761077
"463",2.28983628806739e-07,6.45889046325807e-07,0.261733432742688,0.738265692384637
"464",1.80425205784442e-07,4.49003869529536e-07,0.286648804918282,0.713350565652642
"465",5.01575672492749e-05,0.000112271256681728,0.308747049944275,0.691090521231794
"466",0.00174852814426564,0.00209004808662073,0.453766235427823,0.54239518834129
"467",0.974276796506919,0.0217945384138107,0.00384270392469944,8.59611545713009e-05
"468",0.000206763709795866,0.000247035027723523,0.455421894329456,0.544124306933024
"469",7.02864183495538e-07,6.97896666600298e-07,0.501772446669122,0.498226152570028
"470",8.14475930395146e-06,8.34423162341078e-06,0.493943203739278,0.506040307269795
"471",4.71765007920216e-07,1.93948192321408e-07,0.708660566875936,0.291338767410864
"472",6.13169917495577e-06,2.97350808697477e-06,0.673421611191731,0.326569283601007
"473",9.39886443810235e-07,4.50840850974608e-08,0.954227045850898,0.0457719691785729
"474",4.59939019725074e-06,3.85212658712984e-08,0.991689665112781,0.00830569697575621
"475",1.4546789759984e-07,1.96016958696323e-10,0.998654174929228,0.00134567940685787
"476",2.15857451730338e-06,3.01765269319522e-09,0.998601809030898,0.00139602937693172
