"","(1,R1)","(2,R1)","(3,R1)","(4,R1)"
"1",6.78717614290071e-06,8.85901169572635e-05,0.0711545545047633,0.928750068202137
"2",3.44558633780898e-06,3.99186578481181e-05,0.0794534065390168,0.920503229216797
"3",0.00362153385462356,0.00287407895548856,0.553913830474003,0.439590556715884
"4",0.000397677485456068,0.000147638860436344,0.728862482147697,0.270592201506411
"5",0.000279047123492955,8.56557671833104e-05,0.764856438848445,0.234778858260879
"6",0.00188810957941393,0.000173662977346336,0.913881951101179,0.0840562763420605
"7",3.60142123051646e-07,5.81766762053667e-06,0.0582957250400765,0.94169809715018
"8",0.000120570818698167,0.00024626495651368,0.32855734678227,0.671075817442518
"9",0.000757303600078322,0.000761091380135596,0.497995399054161,0.500486205965625
"10",0.00245370166990129,0.000369336844430461,0.866716753300711,0.130460208184957
"11",4.70551034640245e-09,3.13193417792237e-07,0.014801902221179,0.985197779879893
"12",1.51873811371487e-09,1.27857075794423e-07,0.0117389631906413,0.988260907433545
"13",2.93609345222678e-09,1.44610258473271e-07,0.0198994619704286,0.98010039048322
"14",1.25773584164889e-07,1.64669495473986e-06,0.0709594322689001,0.929038795262561
"15",7.88316739323792e-06,6.60719925677533e-05,0.106585996115621,0.893340048724418
"16",3.88556507176568e-06,8.72290909928343e-05,0.0426409011200783,0.957267984223857
"17",1.96908566068076e-05,3.22747242627516e-05,0.378901438808707,0.621046595610424
"18",2.24714188831594e-05,3.98599214238747e-05,0.360493101846007,0.639444566813686
"19",0.000155523373290101,0.000143434620389643,0.52006262291486,0.47963841909146
"20",0.00218419840669202,0.0011724538345109,0.648523187923348,0.348120159835449
"21",0.000625520804365138,0.00019350365376834,0.763113337239842,0.236067638302024
"22",0.000853100542318762,0.00111019170652386,0.433672397544719,0.564364310206438
"23",0.00191169959041807,0.000554241652494934,0.773329639152831,0.224204419604256
"24",0.00570015328819796,0.0127370236139012,0.303466120836393,0.678096702261508
"25",0.00381182592672897,0.0215000938680779,0.146782279839639,0.827905800365554
"26",0.00465988126313128,0.0378529297005137,0.104951343153814,0.852535845882541
"27",0.00135368390147978,0.0400571282515021,0.0313354576801663,0.927253730166852
"28",2.25355562159933e-08,9.72345738885392e-07,0.0226514800376194,0.977347525081086
"29",2.41266641868489e-07,9.69350880227859e-06,0.0242848211612792,0.975705244063277
"30",5.66348923295645e-07,3.81896162297721e-05,0.0146126401873824,0.985348603847464
"31",4.973927575768e-08,1.75092498093874e-06,0.0276226875770821,0.972375511758661
"32",6.66277594738267e-06,0.000108312675865933,0.0579428894310833,0.941942135117103
"33",2.93628485142317e-08,1.39614720627703e-06,0.0205981056103428,0.979400468879603
"34",1.68367085562188e-07,3.84911641212964e-06,0.0419084258210227,0.95808755669548
"35",2.17925911429327e-05,5.36212005863492e-05,0.288951757779631,0.71097282842864
"36",9.41617560061478e-07,1.31986175950185e-05,0.066590423358658,0.933395436406187
"37",2.25681440658622e-05,1.21341045297605e-06,0.948954255384654,0.051021963060827
"38",2.81311078171816e-07,1.29624100256285e-05,0.0212408091624363,0.97874594711646
"39",8.54406979454325e-09,1.05824813829931e-06,0.00800911425390209,0.99198981895389
"40",8.30853662999473e-08,1.36330134647724e-05,0.00605742403259978,0.993928859868569
"41",7.63005405735097e-09,7.55765860056937e-07,0.00999487695903043,0.990004359645055
"42",9.81114561288355e-08,1.35180787393824e-05,0.00720540171779709,0.992780982092007
"43",9.71531154696246e-07,1.18742149428078e-05,0.0756296027711833,0.924357551482719
"44",2.86678494799758e-07,2.75840771017323e-06,0.0941443369881778,0.905852617925617
"45",7.22670194296386e-06,2.08575875982379e-05,0.257314644743718,0.742657270966741
"46",3.11600193700829e-05,4.10104983975512e-05,0.431724359185968,0.568203470296265
"47",1.21495399957182e-06,8.27952470983077e-06,0.127963051095554,0.872027454425737
"48",3.84732461846284e-06,9.10667023042688e-06,0.296995237771713,0.702991808233438
"49",1.07343444741185e-05,4.27992852980617e-05,0.200505175370597,0.799441290999631
"50",2.02499600022596e-05,1.28673651210955e-05,0.611440969411814,0.388525913263063
"51",3.00505475734989e-05,2.73182670821445e-06,0.916637769643281,0.0833294479824374
"52",2.7564882906891e-05,0.000185663136697885,0.129246641002339,0.870540130978056
"53",0.0020029962630338,0.00823078722554714,0.193720927862269,0.79604528864915
"54",0.00795273664606375,0.0321901450878419,0.190158019297665,0.769699098968429
"55",0.0166254688489546,0.0141261496383583,0.524011729021255,0.445236652491432
"56",6.90111872419986e-07,1.10541497125326e-05,0.0587609329521266,0.941227322786289
"57",1.87947092230865e-06,4.92355343627011e-06,0.276268029799445,0.723725167176196
"58",4.26735041059915e-08,1.13143191766472e-06,0.0363455045956962,0.963653321298882
"59",6.09401214887744e-07,1.15545773967744e-05,0.0500982303240939,0.949889605697294
"60",1.81612383845225e-06,8.92334597554279e-06,0.169105585815649,0.830883674714537
"61",7.33447575325126e-08,2.19905196741724e-06,0.0322763142803542,0.967721413322921
"62",1.21544035542169e-06,1.15739929256367e-05,0.0950335158656673,0.904953694701052
"63",2.80102082461807e-08,2.79496904897962e-06,0.00992218738492252,0.99007498963582
"64",2.10464235133371e-08,1.642808628017e-06,0.0126491718589197,0.987349164286029
"65",1.04287902103882e-07,1.14479016021773e-06,0.0834917968588094,0.916506954063128
"66",2.22383669423668e-07,1.29683641692842e-05,0.0168588421775596,0.983127967074602
"67",0.00197981096633099,0.0166727792868463,0.104161531306159,0.877185878440664
"68",3.09204878839367e-08,1.53409602694349e-06,0.0197572608339357,0.980241174149549
"69",3.80278480392752e-05,1.28131789497492e-06,0.967366065713292,0.0325946251207737
"70",5.44242880968165e-10,2.60147658345664e-08,0.0204918365870818,0.979508136853909
"71",7.17420748484445e-08,6.83426132055171e-07,0.0950013785210468,0.904997866310746
"72",0.000143468178930334,5.16825608830421e-05,0.735022481320075,0.264782367940112
"73",4.09431982831774e-07,3.1220866735339e-06,0.115936110425773,0.884060358055571
"74",7.78673083244511e-08,5.68941535990791e-07,0.120386816976232,0.879612536214924
"75",1.46935449061729e-05,3.94377034083591e-05,0.271428241241955,0.72851762750973
"76",8.89975752110272e-05,1.4215053182171e-05,0.862185092296646,0.137711695074961
"77",1.17155559069366e-06,1.05552795425957e-05,0.099902645405895,0.900085627758972
"78",0.0364852520243986,0.0164472648386453,0.652793365102376,0.29427411803458
"79",1.07305725499778e-07,1.14334971212523e-06,0.0857994840697782,0.914199265274784
"80",4.83068953297664e-07,5.15507785649749e-06,0.0856781928496,0.91431616900359
"81",2.3630451193037e-05,0.000121793834857812,0.162469525504714,0.837385050209235
"82",8.71814464159599e-06,0.000120020588729309,0.0677109526437795,0.93216030862285
"83",9.45701627466116e-07,2.18252070203058e-05,0.0415301869419815,0.958447042149371
"84",2.05716235240501e-07,2.07260656582555e-05,0.00982773135511471,0.990151336862992
"85",2.03069208984241e-07,4.9402806792807e-06,0.0394816936315313,0.96051316301858
"86",4.12650337611053e-06,2.03333717055978e-05,0.168700879647552,0.831274660477366
"87",6.69438164340581e-07,2.23303008913695e-05,0.0291056679302321,0.970871332330712
"88",0.00144239314625452,0.00192592820065869,0.426780747610894,0.569850931042193
"89",0.00123861390465396,0.000621387201760869,0.664682444089445,0.33345755480414
"90",0.0276306013064174,0.00787475153941276,0.750578854219735,0.213915792934435
"91",0.000205092327544118,5.76162154978138e-05,0.780478798532383,0.219258492924575
"92",8.76722524852156e-05,1.32637483820019e-05,0.868504819345726,0.131394244653407
"93",0.040652008391083,0.0410507254752681,0.456907944224228,0.461389321909421
"94",0.000104876655485728,0.000488061708926729,0.17677127402107,0.822635787614517
"95",0.54143805808693,0.351370873100298,0.0650053131357829,0.0421857556769885
"96",0.692234000081028,0.292940038267807,0.0104174839564744,0.0044084776946909
"97",0.795502767839387,0.201808762121248,0.00214445064888883,0.000544019390476513
"98",4.55279619049195e-09,2.92995347063165e-07,0.01530103594676,0.984698666505097
"99",0.000107490611823655,8.78591968862926e-05,0.550139333449598,0.449665316741692
"100",1.64456283805924e-10,1.72850748453082e-08,0.00942468194241895,0.99057530060805
"101",8.08963425787296e-09,7.93307600006901e-07,0.0100944044089248,0.989904794193841
"102",4.46363885826126e-07,7.88280448809974e-06,0.0535900041813871,0.946401666650239
"103",7.70990932309313e-05,2.30088308495828e-05,0.770082645393355,0.229817246682564
"104",2.88727244542836e-07,6.53390952787522e-06,0.0423187228475876,0.95767445451564
"105",1.9328263331936e-05,6.16333756970795e-05,0.238714269076626,0.761204769284345
"106",8.00680178685596e-08,8.44309572412453e-06,0.00939408626414697,0.990597390572111
"107",1.70455959065784e-05,0.000787630857631125,0.0211661216654674,0.978029201880995
"108",2.59299919271714e-08,3.71190821668781e-06,0.00693713680418096,0.99305912535761
"109",4.55980579780822e-07,3.02833158885425e-05,0.0148333441439842,0.985135916559547
"110",4.22851130386181e-07,3.13357212182495e-05,0.0133141281225171,0.986654113305134
"111",4.85994500239442e-08,2.93459558885556e-06,0.0162910250281725,0.983705991776789
"112",6.69415562935037e-06,0.000124277575799378,0.0511047598682733,0.948764268400298
"113",1.10613880484835e-07,3.91156468957657e-06,0.0275008763657072,0.972495101455723
"114",7.20578779244589e-05,1.48868301083108e-05,0.82870613408863,0.171206921203337
"115",8.58290148281218e-08,4.23022396313382e-06,0.019885910767035,0.980109773179987
"116",3.23738758678837e-06,8.30324955283967e-05,0.0375230402644404,0.962390689852444
"117",2.24710897762512e-08,8.4329282725481e-07,0.0259551938808583,0.974043940355225
"118",3.81060147499989e-06,5.01216918001642e-05,0.0706514729696889,0.929294594737036
"119",1.02010453168523e-07,3.12446837296411e-06,0.0316165484204428,0.968380225100731
"120",6.97468945079686e-07,7.18011347802035e-06,0.0885377534946964,0.911454368922881
"121",2.10875623601738e-07,1.65743310653636e-05,0.0125629721407863,0.987420242652525
"122",8.81491310296497e-06,1.91726407519069e-05,0.314949510801044,0.685022501645101
"123",3.16188567283726e-10,2.87601484767449e-08,0.0108744288392081,0.989125542084455
"124",1.22299571712069e-06,1.3619913756087e-06,0.473113602436304,0.526883812576604
"125",6.46327255909917e-06,7.35139820406737e-06,0.467849243888549,0.532136941440688
"126",3.53224989964028e-05,3.86890583097156e-05,0.477221207184682,0.522704781258012
"127",3.26775212931112e-05,3.60640401596007e-05,0.4753350709345,0.524596187504047
"128",7.09724229504505e-07,1.45568290270018e-07,0.829802209271959,0.170196935435521
"129",9.96701076815525e-05,1.13418299610491e-05,0.897732669351489,0.102156318710869
"130",4.61348722967243e-07,6.62866615276499e-08,0.874369864305031,0.125629608059585
"131",1.24911666434375e-05,1.27472941204288e-06,0.907386968563012,0.092599265540932
"132",1.25555154927942e-05,4.78436701410896e-07,0.963280489120377,0.0367064769274291
"133",3.18450797631656e-05,8.51383923020066e-07,0.973929133355352,0.026038170180962
"134",3.00120104432644e-05,6.69823898088907e-07,0.978138702068489,0.0218306160971693
"135",5.26996795458474e-06,3.36999338744663e-07,0.939891055244145,0.0601033377885613
"136",1.07938022815464e-05,6.62981837523394e-08,0.9938844575387,0.00610468236083484
"137",2.37552264339734e-06,1.40000360528703e-07,0.944343050732573,0.0556544337444236
"138",3.7022875641712e-05,3.07281408520694e-06,0.923325959376689,0.0766339449335843
"139",2.59508460039825e-05,1.77736902815986e-06,0.935874393763285,0.0640978780216831
"140",6.80309785206926e-06,4.12304060345204e-08,0.993969171683062,0.00602398398868
"141",0.000296601910299683,7.72178127745194e-05,0.793139089124141,0.206487091152785
"142",1.87425077640435e-10,2.08973375539963e-08,0.00888912419660814,0.991110854718629
"143",8.14567128688361e-08,1.14412883156721e-06,0.0664634251003253,0.93353534931413
"144",2.05844447875686e-07,7.43021404971869e-06,0.0269566918718981,0.973035672069604
"145",3.89064929229121e-06,8.75469761568941e-05,0.0425458723523001,0.957362690022251
"146",4.9391408755198e-08,2.03062575613901e-06,0.0237456242447557,0.976252295738079
"147",2.13394622189325e-06,6.05405718444909e-05,0.0340459335575919,0.965891391924342
"148",1.34493007306319e-07,3.16482643599803e-06,0.0407637289695802,0.959232971710976
"149",8.76398317003927e-06,3.41305024111271e-05,0.20430615088988,0.795650954624539
"150",2.78867457280602e-07,4.18539483422047e-06,0.062466359307343,0.937529176430365
"151",3.97438540564359e-06,2.17737339621801e-05,0.154352363212213,0.845621888668419
"152",2.04724999138067e-06,2.37630838090925e-05,0.0793169575798934,0.920657232086306
"153",1.27965109274254e-06,5.98093806890783e-07,0.681481648616971,0.318516473638129
"154",7.91379161825837e-06,2.37028233981369e-06,0.769511213601156,0.230478502324886
"155",4.00913210757992e-05,2.31779930898254e-05,0.633621291049045,0.366315439636789
"156",1.33003119148159e-05,1.75921125622509e-06,0.883169504598668,0.11681543587816
"157",8.32869224297434e-06,4.85544502187463e-08,0.994195679856509,0.00579594289679821
"158",4.30587968403271e-06,2.65917418614166e-07,0.941830947819521,0.0581644803833765
"159",1.84228372466535e-05,4.75547311839791e-07,0.974818192939732,0.02516290867571
"160",9.86078293307696e-06,7.75186033623727e-07,0.927106696622349,0.072882667408684
"161",4.69202335766336e-06,1.25786619114479e-06,0.788585300979662,0.211408749130789
"162",6.81678723305401e-07,5.06218136321293e-08,0.930872216702822,0.0691270509966407
"163",2.45792303032451e-05,1.8508188046198e-06,0.929948354339879,0.0700252156110131
"164",7.90000283781512e-06,3.38694198637279e-07,0.958881934501488,0.0411098268014755
"165",4.70039780970282e-05,4.68813468307463e-06,0.909259572384571,0.0906887355026495
"166",1.52361078716504e-06,6.58004362152718e-08,0.958599224108026,0.0413991864807509
"167",3.48449256514878e-06,5.62417783586219e-09,0.998385057137979,0.00161145274527847
"168",7.39427390874402e-07,1.00055566876672e-08,0.986648424156602,0.0133508264104504
"169",5.30100526187081e-06,4.90107262860489e-08,0.990833842953459,0.00916080703055326
"170",1.28731579466567e-06,8.87891729967958e-09,0.993148725396248,0.0068499784090396
"171",2.80300271479947e-05,4.09987694327451e-07,0.985556095135918,0.0144154648492393
"172",2.69619020398986e-06,3.30194136272145e-08,0.987898777769849,0.0120984930205335
"173",2.671500606199e-06,6.52915386359782e-08,0.97614036926367,0.0238568939441855
"174",1.62864651329133e-06,8.39355491101571e-09,0.994871096173086,0.00512726678684602
"175",2.86793819942608e-06,4.46538943925678e-09,0.998442549183348,0.00155457841306349
"176",9.83716535891733e-07,1.5125593876193e-09,0.998463780067982,0.00153523470292249
"177",3.03005793163308e-06,5.13664572638803e-09,0.998304608679728,0.00169235612569441
"178",3.00170418282804e-06,5.01366145061291e-09,0.998329511783854,0.00166748149830148
"179",5.80100569230784e-06,5.35559830260867e-08,0.990846463263429,0.00914768217489594
"180",8.87794919375653e-07,5.12633383938622e-09,0.994258030535305,0.00574107654344209
"181",4.24277603223737e-06,1.97089467096213e-07,0.955604892877785,0.0443906672567154
"182",1.00982410026466e-05,3.37827430480115e-07,0.967618761933221,0.0323708019983457
"183",4.14518566539053e-07,3.4143123015183e-10,0.999176581981487,0.000823003158515216
"184",1.76895404269665e-05,6.05541966438507e-08,0.996570824609616,0.00341142529576069
"185",0.000217842551910831,9.743963081242e-07,0.995329137167644,0.00445204588413738
"186",2.1212896390645e-07,8.88426868361166e-11,0.999581148699035,0.000418639083158478
"187",4.07813629372477e-07,8.18677203194068e-10,0.997996135313236,0.00200345605445787
"188",8.03093006326e-06,3.59282481818972e-08,0.995538159817958,0.00445377332373002
"189",6.7018546322371e-07,6.17445572923202e-09,0.99087038004059,0.0091289435994909
"190",4.24991585282261e-06,1.21910976805032e-08,0.997135404761498,0.00286033313155176
"191",4.40535839760384e-06,2.64447248156573e-07,0.943366418136868,0.0566289120574865
"192",1.71459150534784e-07,2.43444069263314e-10,0.998582004483941,0.00141782381346494
"193",1.45457038233528e-06,1.55483326037551e-08,0.989422302541369,0.0105762273399159
"194",5.72965707017374e-06,5.37761521727558e-07,0.914191556858554,0.0858021757228542
"195",1.00283876966842e-06,1.18437916288712e-09,0.998819363838766,0.00117963213808531
"196",4.90638323081519e-06,1.20115206828279e-08,0.997552930819818,0.0024421507854304
"197",5.70268990133221e-06,1.6815263016069e-08,0.997054311676222,0.00293996881861395
"198",5.1488263719424e-10,2.03129206305806e-07,0.00252834508977842,0.997471451266133
"199",4.87591738541656e-07,1.54764500095855e-05,0.0305426384057151,0.969441397552537
"200",6.71560281447031e-05,9.18562596833994e-06,0.879610248462747,0.12031340988314
"201",4.5679815906341e-08,4.32572396259634e-06,0.0104496446761703,0.989545983920051
"202",1.48227852876308e-06,5.48329193496839e-05,0.0263196279120541,0.973624056890067
"203",3.0871758862663e-08,3.25348107345512e-06,0.00939961662009623,0.990597099027071
"204",8.15160584510209e-09,7.08671468839899e-07,0.0113718437501821,0.988627439426743
"205",1.13330226727942e-05,6.98599765132258e-05,0.139569945984268,0.860348861016546
"206",5.97378581527287e-06,2.78261882125943e-05,0.176733387325754,0.823232812700219
"207",1.72874941750108e-08,3.56210426934995e-06,0.00482971226353607,0.9951667083447
"208",1.9414259268642e-07,1.92777899455411e-05,0.00997018718988557,0.990010340877576
"209",5.09524260023589e-07,8.2125717746463e-05,0.00616543429888014,0.993751930459113
"210",6.55364970191298e-09,7.45978747211096e-06,0.000877752658659327,0.999114781000219
"211",6.72229693099848e-09,2.29825544869143e-06,0.00291641923615987,0.997081275786095
"212",1.95243435848786e-08,1.40814755975021e-06,0.0136756321007035,0.986322940227393
"213",9.17507788066464e-07,2.34796238337857e-05,0.0376062816616695,0.962369321206709
"214",0.000112580999362562,0.00114629252969105,0.0893173710683385,0.909423755402608
"215",2.66130665440006e-06,2.25078322266664e-05,0.105734236049101,0.894240594812018
"216",7.51131230296417e-07,2.00013657856827e-05,0.0361939886978157,0.963785258805168
"217",2.82968550427515e-07,6.68103663249585e-06,0.0406327353872356,0.959360300607581
"218",1.18156569272082e-05,3.1435528766463e-05,0.273175074776395,0.726781674037912
"219",8.66961898151872e-07,1.10589850949345e-05,0.0726945675100528,0.927293506542954
"220",7.03511543546392e-06,3.36410673026037e-05,0.172947135160724,0.827012188656538
"221",2.3360623624503e-06,2.51429432128316e-05,0.0850102877041851,0.91496223329024
"222",2.04490888808465e-09,9.82915707108449e-07,0.00207613059925344,0.99792288444013
"223",6.40657993394451e-08,1.02951052294609e-05,0.00618438825778241,0.993805252571189
"224",4.94577648877983e-08,1.13159105197411e-05,0.00435157062608998,0.995637064005625
"225",1.51561971100513e-07,1.70442623357766e-05,0.00881373071524538,0.991169073460448
"226",1.76339736524708e-09,2.12212369625086e-06,0.000830267119796769,0.99916760899311
"227",6.95356886715771e-08,1.25886677813729e-05,0.00549326044878604,0.994494081347744
"228",2.78961340168225e-09,9.14086826287552e-07,0.00304251557046984,0.99695656755309
"229",1.0063503433926e-05,3.82404363288464e-05,0.208327051095279,0.791624644964959
"230",1.84843490003969e-09,8.08086148097109e-07,0.00228220086131925,0.997716989204098
"231",2.90287052226683e-07,1.42493015985722e-05,0.0199649961593929,0.980020464251956
"232",5.14127641513746e-07,1.6642602867139e-06,0.236012380936483,0.763985440675589
"233",2.39390464970874e-07,2.02996689475441e-05,0.0116551368447782,0.988324324095809
"234",2.3520739509671e-08,5.9976714501212e-06,0.0039063024640341,0.996087676343776
"235",1.84229757554039e-07,2.15734016490478e-05,0.00846717851351139,0.991511063855082
"236",8.2089704498461e-08,1.34033504814777e-05,0.00608720192671403,0.9938993126331
"237",1.63936203111379e-08,5.77514243728274e-06,0.00283060058745547,0.997163607876487
"238",2.07556508865793e-06,0.00128535423852812,0.00161010172242406,0.997102468473959
"239",0.00110443261030348,0.0154881370900552,0.0654574460045326,0.917949984295109
"240",0.590876766776353,0.336352990298059,0.046372806232049,0.0263974366935396
"241",1.33470607182987e-06,0.000188805602038151,0.00701825038399679,0.992791609307893
"242",1.89157458391411e-06,0.000422907226411041,0.00445098018372544,0.99512422101528
"243",3.59771542217538e-09,2.74655228090805e-06,0.00130818520179593,0.998689064648208
"244",2.00277069668872e-10,7.27147215545126e-07,0.000275352463617985,0.999723920188889
"245",1.11195227626406e-10,6.82292221914387e-08,0.00162707844386472,0.998372853215718
"246",7.3475430435386e-10,9.73714777991248e-07,0.000754019129797255,0.99924500642067
"247",4.29451825510984e-10,2.6392224103894e-08,0.0160113713670499,0.983988601811274
"248",3.76424972452195e-08,6.38043314140256e-07,0.0557100225821427,0.944289301732046
"249",1.04445925017437e-09,3.72706834504338e-08,0.0272596977732041,0.972740263911653
"250",3.22622026726707e-08,4.60616901217912e-07,0.065456592735705,0.934542914385191
"251",4.78893739200126e-09,6.76163251540047e-08,0.0661407317211802,0.933859195873557
"252",9.15608153076903e-09,2.11866391071086e-07,0.0414260115692525,0.958573767408275
"253",7.186479406877e-09,3.72514427827754e-09,0.658607695410003,0.341392293678373
"254",3.83415903282591e-08,2.05117556823238e-08,0.65147677525138,0.348523165895274
"255",4.6023694371027e-08,3.45982062371385e-09,0.930081302803656,0.0699186477128288
"256",2.73392461894165e-06,0.00176626807797476,0.00154272764915722,0.996688270348249
"257",5.2148135805251e-06,0.000140655646313787,0.0357444056668335,0.964109723873272
"258",1.2255400366855e-05,0.00637785713079827,0.0019056138557823,0.991704273613052
"259",0.0236066806446225,0.507244392858293,0.0208628171541662,0.448286109342919
"260",0.0110117693945697,0.522546436832261,0.0096265963283413,0.456815197444828
"261",0.135920740482661,0.832415613664154,0.00444447445592143,0.0272191713972633
"262",0.671820311411105,0.306915171855493,0.0145963179000728,0.00666819883332899
"263",0.0956397321049668,0.902863580551572,0.000143357337686409,0.00135333000577456
"264",0.0215795023021734,0.978370926407277,1.06977680875234e-06,4.85015137407795e-05
"265",0.161222128564344,0.837250483764064,0.000246625384128241,0.0012807622874639
"266",2.49135672705278e-05,0.00628481350571396,0.00392352461117255,0.989766748315843
"267",4.793824521208e-05,0.00754900680386193,0.00626226209221476,0.986140792858711
"268",0.00431353661647875,0.00123958678206472,0.772463118051442,0.221983758550015
"269",0.000128938225693,0.0208478480531112,0.0060177719509409,0.973005441770255
"270",9.08062929650395e-05,0.00200867146576844,0.0431610417379562,0.95473948050331
"271",0.00690806840818726,0.662583388783766,0.00341031330374938,0.327098229504297
"272",0.423412212773866,0.528558735546611,0.0213620878714159,0.026666963808107
"273",0.00516918682885971,0.673218279868011,0.00245062792690065,0.319161905376228
"274",0.00664172283896907,0.275040388023302,0.0169370653866579,0.701380823751071
"275",0.00676815732787695,0.861765158627425,0.00102447100720613,0.130442213037492
"276",0.000402829538114481,0.809598058352965,9.44903341677449e-05,0.189904621774753
"277",0.00966503983145904,0.978119292544069,0.000119524991730176,0.0120961426327414
"278",0.00498280381482559,0.994597374718106,2.09276659599425e-06,0.000417728700471921
"279",0.020076473166017,0.97864926215009,2.56153815086009e-05,0.00124864930238436
"280",0.00613446041117248,0.993833537428231,1.96322269988629e-07,3.18058383266097e-05
"281",0.00259594834234576,0.997398637640639,1.40545845885683e-08,5.39996243090728e-06
"282",0.014006111705261,0.985993385725931,7.03903840121103e-09,4.95529769540389e-07
"283",0.0172012162815229,0.98277282825893,4.46477061871986e-07,2.55089824851513e-05
"284",0.0344350635168665,0.965564872571507,2.20080105142114e-09,6.17108252386366e-08
"285",0.0365929815816825,0.963406972346781,1.68589496913351e-09,4.43856416641551e-08
"286",0.031924315038001,0.968074217984943,4.68323063970424e-08,1.42014474978652e-06
"287",0.0185068767635722,0.981474457621864,3.45448676452063e-07,1.83201658868957e-05
"288",0.321386583827738,0.678611123311402,7.36896408549876e-07,1.55596445132944e-06
"289",0.360250884468552,0.639739552788399,3.4450195850728e-06,6.1177234636162e-06
"290",0.697902645578177,0.302086767706907,7.38857456811206e-06,3.19814034720178e-06
"291",0.510206718431307,0.489792605965401,3.44697571791584e-07,3.30905720874933e-07
"292",0.320055617366007,0.679934975941945,3.01069295164508e-06,6.39599909694571e-06
"293",0.891481362003311,0.108518591590648,4.1370122932638e-08,5.03591849020076e-09
"294",0.915559261458391,0.0844405077266089,2.11324859993658e-07,1.94901403156523e-08
"295",0.82891080698373,0.171084118919977,4.20599459443698e-06,8.68101698408139e-07
"296",0.937808872510225,0.062188461372477,2.50031512345621e-06,1.65802174656203e-07
"297",0.959978079761895,0.040021769935879,1.44286864145458e-07,6.01536202059033e-09
"298",0.986348380948114,0.013645616641704,5.92050310242364e-06,8.19070799143353e-08
"299",0.972296051682917,0.0277034670609261,4.67923686215431e-07,1.33324705018177e-08
"300",0.996769320712697,0.00322812363580338,2.54740151974788e-06,8.24998009559507e-09
"301",0.964479938114117,0.0355185729009182,1.43609826471941e-06,5.28866997566135e-08
"302",0.889638655771772,0.110359247028755,1.86575363254116e-06,2.31445840052649e-07
"303",3.43359946004202e-09,1.12706801666158e-07,0.0295642087332849,0.970435675126314
"304",7.33151573328464e-06,6.9138343050256e-06,0.514652941034108,0.485332813615853
"305",0.00220205448799837,0.000549149099850467,0.798194723752668,0.199054072659483
"306",1.9847892910454e-05,1.42739344907914e-05,0.581657466075615,0.418308412096984
"307",0.0773903552577745,0.000188922788149825,0.920174422439203,0.00224629951487276
"308",8.10838629930617e-07,2.95717766568912e-07,0.732757711452341,0.267241181991262
"309",2.62650825655628e-05,8.96289030183652e-06,0.745548357233243,0.254416414793889
"310",0.00170356509924103,0.000132279068976178,0.926242896116673,0.0719212597151103
"311",6.50408066757922e-05,3.72615845155302e-05,0.635705110001971,0.364192587606838
"312",1.27309849783904e-06,3.39730850126345e-07,0.789355951486408,0.210642435684244
"313",2.34776229189192e-05,6.67228159191634e-06,0.778672949441439,0.22129690065405
"314",3.28640503794425e-05,1.25998211909672e-05,0.722827931659596,0.277126604468834
"315",3.71480219313071e-06,6.5390665515254e-07,0.850316670954458,0.149678960336693
"316",2.11437261233479e-05,5.17556582591467e-06,0.803333527216699,0.196640153491352
"317",2.23841575694924e-05,2.37884589835689e-06,0.903913101638997,0.0960621353575355
"318",7.17592835220175e-06,5.49603473864898e-07,0.928851641012834,0.0711406334553398
"319",5.06924368243207e-06,2.80645132652754e-07,0.947536806418961,0.052457843692224
"320",3.95757361152905e-06,1.82301298641808e-07,0.95596058179111,0.0440352783339804
"321",9.60489421776783e-06,3.02749093193783e-06,0.760329325873075,0.239658041741775
"322",9.07610363694892e-06,1.70020454257358e-07,0.981602629235786,0.0183881246401224
"323",0.00040145752391512,2.02094906576353e-06,0.994589727381607,0.00500679414541211
"324",1.05867919848137e-05,8.47430473527761e-08,0.99204837688125,0.00794095158371732
"325",1.43467017133635e-09,5.44214881144391e-08,0.0256850835293938,0.974314860614448
"326",0.00018109902862959,0.000881265163180556,0.170286834685343,0.828650801122847
"327",3.61503872005641e-06,5.05829472427792e-06,0.416795617143211,0.583195709523345
"328",0.00452377830305254,0.0085679246204823,0.341021665973733,0.645886631102732
"329",0.553588584721911,0.375129864150007,0.0424893605308571,0.0287921905972246
"330",3.43813236020979e-05,3.1783531158851e-05,0.519596829631463,0.480337005513776
"331",2.9116071932735e-05,1.75355068789429e-05,0.624088495258439,0.375864853162749
"332",9.56950537192133e-06,8.91589257955124e-06,0.517669595262569,0.482311919339479
"333",1.57075530872529e-05,1.52324135749593e-05,0.507662702664367,0.49230635736897
"334",1.45771827760016e-09,6.0494072988258e-08,0.0235298795645197,0.976470058483689
"335",5.44361352686706e-05,0.000193174044158043,0.219791675986234,0.77996071383434
"336",3.61032121876618e-08,1.90551775986413e-06,0.0185943305148565,0.981403727864171
"337",0.00909305693576159,0.0291686863866718,0.22856095843761,0.733177298239956
"338",3.50291100075322e-08,2.08388060892398e-06,0.016531632032758,0.983466249057523
"339",0.00171033832859961,5.76769136782605e-05,0.965667254183583,0.032564730574139
"340",6.40668185226506e-08,1.75566534506947e-05,0.00363581559892775,0.996346563680803
"341",0.0229062006554985,0.372645694531173,0.0350032694652008,0.569444835348128
"342",0.0273004678085217,0.96158446104325,0.000306857383724087,0.0108082137645042
"343",0.0111167217247054,0.389582761916855,0.0166265676443662,0.582673948714074
"344",1.33632006715939e-09,1.03078219288953e-06,0.00129473376472106,0.998704234116766
"345",2.14719800965463e-06,3.2044476546981e-05,0.0627967077132344,0.937169100612209
"346",1.39252510666758e-06,1.83744740937709e-05,0.0704455727702983,0.929534660230501
"347",1.81433046874114e-06,2.2164844069011e-05,0.0756609431962639,0.924315077629198
"348",8.58525297148173e-13,3.09986626588565e-09,0.000276878908095107,0.99972311799118
"349",7.16095319515538e-11,8.61483456124596e-08,0.000830544688378036,0.999169369091667
"350",0.000132157485278332,0.00033270013205207,0.284164539721256,0.715370602661414
"351",0.00428643481952138,0.0443441864102931,0.0838562767297493,0.867513102040436
"352",0.000401741136371893,0.000248033845188389,0.617875582202864,0.381474642815575
"353",0.121445679229097,0.05744252887526,0.557445794479723,0.263665997415921
"354",0.545347954082218,0.453297137593633,0.000739898977827468,0.000615009346321085
"355",0.127054053544216,0.0539917413765486,0.574724485967412,0.244229719111824
"356",0.069807375140296,0.0315953050270358,0.61861008113504,0.279987238697628
"357",0.613821404296237,0.179704806672004,0.159714990358285,0.0467587986734736
"358",0.998493602443433,0.00143035929079088,7.59294954656099e-05,1.08770310614435e-07
"359",4.43132289841958e-05,1.54379318130353e-05,0.741585278446653,0.25835497039255
"360",1.08324276802408e-05,7.05835745778983e-08,0.993515398727341,0.00647369826140421
"361",3.13677653890869e-06,6.9761791862699e-07,0.818059942973649,0.181936222631893
"362",6.52043494170215e-05,1.25260463450384e-05,0.838787457826885,0.161134811777353
"363",4.9785464373023e-06,9.4430535894501e-07,0.840560784124964,0.15943329302324
"364",3.98184552896724e-05,2.47949633876757e-05,0.616216929829596,0.383718456751727
"365",1.39345284782457e-05,1.48522043744754e-06,0.903666699600656,0.0963178806504281
"366",7.9884658471592e-06,4.40967545744884e-08,0.994502262277176,0.00548970516022238
"367",3.88258454553775e-05,2.02273946427419e-06,0.950443192852307,0.0495159585627737
"368",6.84588468078669e-06,8.27772350250834e-07,0.892121203765863,0.107871122577106
"369",3.97447433963282e-05,1.62076151882787e-06,0.960778779721561,0.0391798547735237
"370",1.43313644239395e-05,1.84141197049377e-07,0.987299841365246,0.0126856431291335
"371",9.64361459191486e-05,8.19225723591864e-06,0.921604966256475,0.0782904053403694
"372",0.000679223625563396,4.26168105606896e-05,0.940281675171517,0.0589964843923589
"373",7.83233328027811e-06,2.78797574008687e-08,0.996445220876954,0.00354691891000813
"374",0.0116593418021941,0.000668904169770577,0.934082804218277,0.0535889498097584
"375",0.923349668683436,0.0615177253645717,0.0141873787035007,0.000945227248491445
"376",5.02084807401205e-06,2.78036549827877e-09,0.999441521520304,0.000553454851256195
"377",1.40115228184298e-10,2.2129460955862e-07,0.000632760725730001,0.999367017839545
"378",0.000724042591808579,0.00209522782381211,0.256095093237408,0.741085636346972
"379",6.53648826546758e-13,6.76769729608181e-09,9.65743099675343e-05,0.999903418921681
"380",9.98598254333636e-12,3.49970080348712e-08,0.000285256774368845,0.999714708218637
"381",2.3779531319341e-06,2.02012573162726e-05,0.105313666528971,0.894663754260581
"382",3.11417640004366e-05,9.41832158462107e-05,0.248456941286505,0.751417733733649
"383",3.38235798997819e-05,8.82748466898868e-05,0.276985142548562,0.722892759024848
"384",1.42022953491564e-11,5.05361305097434e-08,0.000280953533698494,0.999718995915969
"385",3.30524348801744e-09,5.32938649934877e-07,0.00616369110425321,0.993835772651853
"386",5.02037035063096e-08,3.11678060479829e-06,0.0158521608017831,0.984144672213909
"387",2.37931492593766e-06,7.47928978236522e-05,0.0308288595619236,0.969093968225327
"388",6.73332877559519e-07,6.16438437655511e-06,0.098472669821863,0.901520492460883
"389",8.75656445546679e-06,4.33596167229694e-05,0.16801131431307,0.831936569505752
"390",1.43571708771392e-05,5.07751455443243e-05,0.220416477566148,0.779518390117431
"391",1.49356561785512e-08,1.50177279488567e-06,0.00984739915903775,0.990151084132511
"392",4.10167390395259e-07,8.51846163285594e-06,0.0459380412261141,0.954053030144863
"393",9.01949643601262e-07,4.24861026774188e-05,0.0207870706684381,0.979169541279241
"394",2.19381491737825e-06,6.47613090350765e-06,0.253034556667807,0.746956773386372
"395",2.01413079683121e-06,1.39429524663068e-05,0.126219724743248,0.873764318173488
"396",1.13281360072875e-05,1.20640777699865e-05,0.484258186290754,0.515718421495468
"397",1.43853837965474e-07,1.41941016121522e-05,0.0100329350231294,0.98995272702142
"398",8.18187271446256e-08,6.52558856971389e-06,0.0123827974966628,0.98761059509604
"399",2.13457121415642e-07,8.48226537363585e-06,0.0245471569927883,0.975444147284717
"400",1.27620671171644e-08,5.13366064556784e-06,0.00247978103444871,0.997515072542839
"401",1.18447614601871e-07,1.33735462052522e-05,0.00877898538117387,0.991207522625006
"402",2.09151031281117e-06,0.000407286439627509,0.00510690449964833,0.994483717550411
"403",8.44610885353129e-08,3.82919120459428e-06,0.0215810582182404,0.978415028129466
"404",3.06044559849518e-07,3.72027534589148e-06,0.0760106833984645,0.92398529028163
"405",2.76343864681639e-09,1.8181743337403e-06,0.00151758816620291,0.998480590896025
"406",2.01527011268584e-06,7.89851911669959e-06,0.203277484228665,0.796712601982106
"407",6.2228530085392e-06,2.40103193338991e-05,0.205822425826514,0.794147341001143
"408",9.47849261423939e-06,2.28134925999575e-05,0.293515139190917,0.706452568823869
"409",4.74443862363533e-06,8.8548074185806e-06,0.348870377675297,0.651116023078661
"410",5.71201087512366e-06,1.91011015209278e-06,0.749393419113872,0.250598958765101
"411",2.52274512483278e-05,4.73154007522844e-06,0.842040881379722,0.157929159628955
"412",2.26764258809724e-06,5.16233864661467e-07,0.814560672408182,0.185436543715365
"413",2.12278992173049e-06,3.23884223570012e-07,0.867620533789779,0.132377019536076
"414",8.01157327405644e-06,1.98701565899552e-07,0.975790415425472,0.0242013742996879
"415",6.42655027268831e-07,5.4711206148761e-10,0.99914875062582,0.000850606172040407
"416",1.21843463397331e-07,6.80470193539768e-05,0.00178725524281355,0.998144575894369
"417",0.241646176676313,0.47139777424357,0.0972476269448668,0.18970842213525
"418",1.84465868005495e-09,1.2549124749322e-06,0.00146779064341968,0.998530952599447
"419",9.74304754309728e-09,3.72412985143737e-07,0.0254949365871113,0.974504681256856
"420",6.53628724701113e-08,5.650375977847e-07,0.103684616921218,0.896314752678312
"421",1.2945984831569e-05,1.02763768738168e-05,0.557466305945283,0.442510471693012
"422",2.27852411366835e-05,1.21914708676102e-06,0.949188705782396,0.0507872898293808
"423",2.84892182056797e-05,2.33572649068508e-06,0.924197603847241,0.0757715712080621
"424",3.72061342125619e-07,3.06400813382975e-06,0.108280716178927,0.891715847751597
"425",1.00934437793881e-10,4.65162696938209e-07,0.000216940212013236,0.999782594524355
"426",5.59657674046278e-07,3.1161512394787e-06,0.152253729728001,0.847742594463085
"427",2.10909310630242e-05,1.84255800763238e-05,0.533703432184117,0.466257051304744
"428",3.45201818395708e-06,3.83701031598727e-05,0.0825370330896182,0.917421144789038
"429",2.33734521415259e-08,9.21158156121541e-07,0.0247460538748341,0.975253001593558
"430",7.97557182179361e-06,7.68983237607772e-05,0.0939616928055942,0.905953433298823
"431",3.11222654225972e-08,9.72464307034106e-07,0.0310110109509782,0.968987985462449
"432",1.94851518208528e-06,5.70476889483099e-05,0.0330258574395639,0.966915146356306
"433",2.76993376617221e-08,5.66163103389349e-07,0.0466426554322936,0.953356750705265
"434",8.64319452280133e-06,4.24899125933347e-05,0.169024592027629,0.830924274865255
"435",5.49278060806093e-08,6.25878707731248e-07,0.0806804394068717,0.919318879786614
"436",6.71639381428146e-06,2.17043138577061e-05,0.236313712069738,0.76365786722259
"437",1.06208436365911e-07,1.11235244925701e-06,0.0871588019913933,0.912839979447721
"438",2.46504772944608e-06,2.29838710121915e-05,0.0968601071688637,0.903114443912395
"439",2.01510049551133e-06,1.42912212922221e-05,0.123575853761825,0.876407839916387
"440",8.9914792068315e-10,3.52778871421754e-07,0.00254227730732603,0.997457369014655
"441",4.56419031158176e-07,1.06156656493941e-05,0.0412220454247145,0.958766882490605
"442",2.11785629622665e-06,5.13057855747751e-05,0.0396405613406871,0.960306015017442
"443",1.7188043135999e-06,1.16743732363257e-05,0.128332599709178,0.871654007113272
"444",4.01047781604866e-06,1.80196178133482e-05,0.182041400650454,0.817936569253917
"445",7.49745882867354e-05,0.000345498901286633,0.178234931139202,0.821344595371225
"446",1.49021050318036e-09,2.33449078174481e-07,0.00634295847858782,0.993656806582124
"447",1.26113027569112e-08,1.67198266311286e-07,0.0701369818894072,0.929862838301024
"448",8.55750676561136e-08,9.48415760175462e-07,0.0827618358585843,0.917237130150588
"449",3.74260268891571e-06,9.57174350951662e-06,0.281091748917306,0.718894936736496
"450",1.57160385734741e-05,3.26706184749533e-05,0.324785366163589,0.675166247179362
"451",2.52460072131849e-05,1.92512356168077e-06,0.929122952585185,0.0708498762840404
"452",3.88956224819765e-06,3.68811654183627e-05,0.0953969646978984,0.904562264574435
"453",3.68114693365174e-07,2.2877507826503e-05,0.0158355034800787,0.984141250897401
"454",4.32230005928315e-06,1.08046294725642e-05,0.285731130501729,0.714253742568739
"455",4.21275057342094e-07,2.29614295737872e-06,0.15502727599491,0.844970006587075
"456",2.1943958175074e-07,9.78532868949262e-07,0.183175597018064,0.816823205009485
"457",0.00103243913403552,6.40252168628072e-05,0.940575131772988,0.058328403876114
"458",2.58709163052724e-07,1.14123300312074e-06,0.18479963467491,0.815198965382924
"459",1.76131638974268e-07,6.2728218941198e-07,0.219228859704163,0.780770336882009
"460",1.13003572455129e-05,3.02125667622482e-05,0.272201691514882,0.727756795561111
"461",0.000214213079786659,0.000736837814787732,0.225024079643257,0.774024869462169
"462",0.000752044796946131,0.00991695403328347,0.0697367432245956,0.919594257945175
"463",2.29029830760937e-07,6.46172250860934e-07,0.261687712041462,0.738311412756457
"464",1.80432644672955e-07,4.49125047733027e-07,0.28660205928171,0.713397311160598
"465",5.0154412195604e-05,0.000112288220969932,0.308701379703201,0.691136177663633
"466",0.00174844872977665,0.00209028130283066,0.453727376588704,0.542433893378689
"467",0.97427541704167,0.0217946013380044,0.00384399129725533,8.59903230698624e-05
"468",0.000206764177225622,0.000247070952013048,0.455386388279876,0.544159776590885
"469",7.03094178482073e-07,6.98238675490902e-07,0.501731755749345,0.498266842917801
"470",8.1475630222171e-06,8.34822474115328e-06,0.493909641577616,0.50607386263462
"471",4.71940381067659e-07,1.94045872075873e-07,0.708633345709827,0.29136598830392
"472",6.13401627589273e-06,2.97493304313299e-06,0.67339933362429,0.326591557426391
"473",9.40267523991208e-07,4.51041476388718e-08,0.954225318780235,0.0457736958480932
"474",4.6012711528391e-06,3.85346743234282e-08,0.991690164467138,0.00830519572703488
"475",1.45527065287523e-07,1.96085491051751e-10,0.998654251595121,0.00134560268172835
"476",2.15945455357835e-06,3.01833833848923e-09,0.998602059655072,0.00139577787203561
