"","(1,R1)","(2,R1)","(3,R1)","(4,R1)"
"1",3.34004854251879e-06,8.05410747320185e-05,0.0553290580846673,0.944587060792058
"2",2.50234121734126e-06,6.35581401512859e-05,0.0613606428574804,0.938573296661151
"3",0.00518159450536352,0.0057927188430771,0.437519732559492,0.551505954092067
"4",0.000576549005724488,0.000329134071556139,0.68383135624871,0.315262960674009
"5",0.000363115745335966,0.000210890326694978,0.732066047866266,0.267359946061703
"6",0.00144697944399044,0.000435253377964355,0.9119442627929,0.0861735043851453
"7",2.66895358738069e-07,1.08747179914495e-05,0.0462164712860914,0.953772387100558
"8",0.000162251978232006,0.000459847624305786,0.323501489507985,0.675876410889477
"9",0.000812242825371506,0.00175292130408997,0.496789585717858,0.50064525015268
"10",0.00263441858918188,0.000876923758963592,0.871600524645538,0.124888133006316
"11",1.78574827283797e-09,5.93053866638367e-07,0.00845594291099298,0.991543462249392
"12",4.55359462001386e-10,2.27374808307583e-07,0.00585020527158496,0.994149566898247
"13",1.98717072129552e-09,2.90605312310512e-07,0.0132952472561104,0.986704460151406
"14",1.1719642516041e-07,3.10738042016131e-06,0.0590957264587014,0.940901048964453
"15",7.347390530182e-06,8.78548008036813e-05,0.09577719210494,0.904127605703726
"16",5.13408807514174e-06,9.88614112834294e-05,0.0390608121395422,0.960835192361099
"17",2.37068749617723e-05,5.00616393850989e-05,0.376885061614396,0.623041169871257
"18",2.00261462215723e-05,7.82980470760174e-05,0.307748847646192,0.69215282816051
"19",0.000143256409740071,0.000390931164795424,0.432747032578724,0.566718779846741
"20",0.00190507293670517,0.00294068301402009,0.521850814760818,0.473303429288457
"21",0.000684218026288387,0.000492680748616326,0.69614536662919,0.302677734595906
"22",0.000418422513183803,0.00110485765555912,0.405066803787412,0.593409916043845
"23",0.00159392111905037,0.00105092228085919,0.769212893820228,0.228142262779862
"24",0.00231244466117054,0.0089569399987398,0.289903945624456,0.698826669715634
"25",0.00197318435648739,0.0121731838930763,0.139519220609787,0.846334411140649
"26",0.00388544711065562,0.0263093944467048,0.0995265745907376,0.870278583851902
"27",0.00119314982998704,0.0244804306553582,0.0294974549408902,0.944828964573765
"28",1.40046857141174e-08,1.78616701407325e-06,0.016372315835847,0.983625883992453
"29",2.3734618723504e-07,1.41034845716013e-05,0.0210860866274059,0.978899572541835
"30",8.94549408958915e-07,4.70867537937884e-05,0.0133868888346004,0.986565129862197
"31",4.48228967765964e-08,2.93172705857005e-06,0.0259679984832041,0.974029024966841
"32",8.66814407064325e-06,0.000125051921740526,0.0537725331773919,0.946093746756797
"33",3.54780124858689e-08,2.10587822237709e-06,0.0190784137376224,0.980919444906143
"34",1.52039558494656e-07,6.68676066356621e-06,0.0411375197872763,0.958855641412502
"35",2.81124176771466e-05,8.37498428579575e-05,0.28785349853099,0.712034639208475
"36",9.87802544014292e-07,2.45230206738796e-05,0.0661772323878985,0.933797256788884
"37",2.27058386273781e-05,2.49970247160163e-06,0.952812541650639,0.0471622528082622
"38",2.77733298638391e-07,1.8620432281972e-05,0.0208229867274226,0.979158115106997
"39",8.08211581750357e-09,1.82300985526288e-06,0.00802161650010617,0.991976552407923
"40",1.40893850932973e-07,2.03020555027342e-05,0.00560444927994045,0.994375107770706
"41",7.42759504044995e-09,1.40939358260822e-06,0.0100040396438932,0.989994543534929
"42",1.50838685035782e-07,2.01252975466655e-05,0.00675298388153292,0.993226739982235
"43",1.41099273932027e-06,2.26554482690224e-05,0.0751407511123469,0.924835182446645
"44",2.68972978643413e-07,5.14315540399297e-06,0.0759030428179222,0.924091545053695
"45",7.89497909299395e-06,3.28923962932819e-05,0.250480440148238,0.749478772476376
"46",2.77006539652193e-05,7.98164907659814e-05,0.435525754726421,0.564366728128848
"47",9.49646143585586e-07,1.51714506413719e-05,0.0972561249854216,0.902727753917793
"48",3.97975327754343e-06,1.64243280787884e-05,0.281748143312884,0.718231452605759
"49",8.83396984247574e-06,5.66465022446386e-05,0.191526156904193,0.80840836262372
"50",1.82252556249838e-05,2.7295469811746e-05,0.618637803158068,0.381316676116495
"51",2.05285509332851e-05,5.66019634831178e-06,0.923603399185939,0.0763704120667791
"52",1.71642303792621e-05,0.000293265381000276,0.0925025532759052,0.907187017112715
"53",0.00157217463496777,0.011843148671249,0.128122608152084,0.858462068541699
"54",0.00749375296299781,0.0307563469502728,0.13417383286682,0.827576067219909
"55",0.01923807489423,0.0298944582355497,0.337606415677837,0.613261051192384
"56",5.67733187744508e-07,1.69720358683279e-05,0.0499795232430016,0.950002936987942
"57",2.51918428834842e-06,9.40672787878321e-06,0.27217755407055,0.727810520017283
"58",2.69338128671644e-08,2.02609245737565e-06,0.0324533754050508,0.967544571568679
"59",6.09150467776265e-07,1.78486645673899e-05,0.0470500814887587,0.952931460696206
"60",2.39617089148421e-06,1.7608039845991e-05,0.166629445891888,0.833350549897374
"61",6.30874646949905e-08,3.9556043241215e-06,0.0303933900291423,0.969602591279069
"62",1.53151530227444e-06,2.21716628118542e-05,0.0930526731401787,0.906923623681707
"63",2.8355970990197e-08,4.6092894175785e-06,0.00963404755979682,0.990361314794815
"64",2.29565141938841e-08,2.90339861086792e-06,0.012453713328311,0.987543360316564
"65",1.59163367849486e-07,2.60652289914534e-06,0.0830050443035246,0.916992190010208
"66",1.02921271464374e-07,1.5176917975721e-05,0.00841652041805053,0.991568199742702
"67",0.00235291477165505,0.0146443295334831,0.0814929942336957,0.901509761461166
"68",1.4642513181522e-08,2.31391110540056e-06,0.0100663854669512,0.98993128597943
"69",3.59382941003652e-05,2.35738402941782e-06,0.969927413023082,0.0300342912987885
"70",1.92013986529635e-10,5.37118431509461e-08,0.0100429294668973,0.989957016629246
"71",4.32508683553576e-08,1.73930316011217e-06,0.0423425581023144,0.957655659343657
"72",0.000150119878954261,9.18466735295916e-05,0.736814522694863,0.262943510752653
"73",1.91142478900405e-07,7.63310222667868e-06,0.0502355780153838,0.949756597739911
"74",3.33306963022726e-08,1.50221245958799e-06,0.0619420999427216,0.938056364514123
"75",1.36956911291601e-05,7.98827985739862e-05,0.233246457195415,0.766659964314882
"76",8.08152690072987e-05,2.66474197851587e-05,0.86628136326169,0.133611174049518
"77",4.41036533398279e-07,2.49960414014554e-05,0.0544094759262347,0.94556508699583
"78",0.0477168215912997,0.0299798352185727,0.62091829305773,0.301385050132397
"79",4.35605522396585e-08,2.53327829540307e-06,0.0474554651985517,0.952541957962601
"80",1.97979644298294e-07,8.20621191254733e-06,0.0498079529405743,0.950183642867869
"81",2.47523517289161e-05,0.000155041459508502,0.136094607661887,0.863725598526875
"82",1.02323713548566e-05,0.000135485898231213,0.0551585549776599,0.944695726752754
"83",8.70524485442172e-07,3.03374005093042e-05,0.0314801334638389,0.968488658611166
"84",3.09897885988365e-07,2.85557838878703e-05,0.00863963247619506,0.991331501842031
"85",1.79154132723238e-07,8.23047833523766e-06,0.0336481296139075,0.966343460753625
"86",5.44973393417832e-06,3.72662065101038e-05,0.163963933246537,0.835993350813019
"87",6.26301460550802e-07,3.06445809574135e-05,0.0252944243014831,0.974674304816099
"88",0.000997526439097325,0.00450756118566807,0.153099021483163,0.841395890892072
"89",0.00179162252293436,0.00159652462734643,0.529427010533558,0.467184842316162
"90",0.0243987599515689,0.0175067316717934,0.693150539234739,0.264943969141898
"91",0.000297005618005923,0.000158254408307837,0.710934434385153,0.288610305588533
"92",7.83031988199857e-05,3.51317406685684e-05,0.841528393488638,0.158358171571874
"93",0.0173253465445022,0.0713236194128993,0.147454715000485,0.763896319042113
"94",0.000100730059417038,0.000517422561992488,0.114097321661353,0.885284525717238
"95",0.235069638947685,0.682446158528225,0.0131332496152763,0.0693509529088138
"96",0.404636275252301,0.587148360480846,0.00147218760506452,0.00674317666178905
"97",0.604087008893934,0.394990164126581,0.000261604085927465,0.000661222893556851
"98",1.59346417220998e-09,5.66560770779609e-07,0.00873070800586349,0.991268723839902
"99",0.000121020709824601,0.000131958447670376,0.552249752287917,0.447497268554588
"100",5.93751680081398e-11,3.56324070519789e-08,0.00629149472004558,0.993708469588172
"101",6.4148839993269e-09,1.46666012010628e-06,0.00839320608762831,0.991605320837368
"102",5.76016019674639e-07,1.48453781202879e-05,0.0540381514634946,0.945946427142365
"103",8.20959425910628e-05,4.3052251856856e-05,0.782783287830313,0.217091563975239
"104",2.52770270793737e-07,1.09100614927989e-05,0.0429674495581827,0.957021387610054
"105",2.50345216548324e-05,9.6779399960728e-05,0.238099966528383,0.761778219550002
"106",6.51440721196021e-08,9.41038076165175e-06,0.00917326356652971,0.990817260908637
"107",2.27272453026831e-05,0.000672995712026555,0.0195286425056426,0.979775634537028
"108",2.71787951683446e-08,5.73542051641412e-06,0.00658531072056194,0.993408926680126
"109",6.836944673505e-07,4.02418504573145e-05,0.0136871980465134,0.986271876408562
"110",7.00365842547944e-07,4.26055623206617e-05,0.0122028787835902,0.987753815288247
"111",5.28886262146466e-08,4.7974593045426e-06,0.0153480731223425,0.984647076529727
"112",9.93805754847176e-06,0.000139067205009903,0.0470906135298359,0.952760381207606
"113",1.15735638656789e-07,7.63752523483972e-06,0.0271785542634856,0.972813692475641
"114",7.59090100910832e-05,2.79090276482088e-05,0.839188873839439,0.160707308122822
"115",7.79967820974445e-08,6.84046648420269e-06,0.0199088860604624,0.980084195476271
"116",4.77476366013305e-06,9.90858160453258e-05,0.0349112502782165,0.964984889142078
"117",2.12364176781799e-08,1.48248944524554e-06,0.0263370872006837,0.973661409073453
"118",4.65557793879988e-06,6.89197218976164e-05,0.0681229668878406,0.931803457812323
"119",8.39850528566627e-08,4.84291142985219e-06,0.0319998542751437,0.967995218828374
"120",8.61028866488411e-07,1.22022114882154e-05,0.0892060525129923,0.910780884246653
"121",2.64941209126158e-07,2.35416520224262e-05,0.0120526631211215,0.987923530285647
"122",9.6058244136375e-06,3.655751247503e-05,0.317953160495357,0.682000676167755
"123",1.755426210651e-10,6.41954283867134e-08,0.00841078971199456,0.991589145917035
"124",1.64125940792154e-06,2.65810402765395e-06,0.513413611527106,0.486582089109459
"125",4.00972000329258e-06,1.10281147536895e-05,0.507035048673087,0.492949913492156
"126",2.57656335282235e-05,5.61635663511197e-05,0.507700186133511,0.49221788466661
"127",2.22604413872994e-05,5.23344461389099e-05,0.508584988470484,0.491340416641989
"128",5.6633722381638e-07,2.55615627870444e-07,0.867541458840554,0.132457719206595
"129",5.0826648580321e-05,1.65835125109901e-05,0.918474502872709,0.0814580869661999
"130",2.28076804224158e-07,1.22836983405688e-07,0.907642483139453,0.0923571659467596
"131",5.82115031430948e-06,1.99335172918004e-06,0.933121322902007,0.0668708625959498
"132",5.68900679712943e-06,7.08268251936098e-07,0.974022028206605,0.0259715745183459
"133",1.38083158314395e-05,1.33072248582848e-06,0.980029014118991,0.0199558468426916
"134",1.30681362389144e-05,1.05526678594158e-06,0.983026985042363,0.0169588915546119
"135",2.49611655812592e-06,4.67074625277067e-07,0.958136643659865,0.0418603931489517
"136",5.05948474447026e-06,1.08411598542737e-07,0.995090353492753,0.00490447861090418
"137",1.0137813291546e-06,2.04689017176179e-07,0.960920021937181,0.0390787595924729
"138",1.70738621835387e-05,4.10206043387654e-06,0.937550100352865,0.062428723724518
"139",1.19081240405416e-05,2.42482771401283e-06,0.949000345136364,0.0509853219118818
"140",3.10565590010771e-06,7.51577340078907e-08,0.995210325797502,0.00478649338886376
"141",0.000158346333540193,8.4893854956536e-05,0.801089875851988,0.198666883959516
"142",9.20223076565151e-11,4.30105854354398e-08,0.00714064771112946,0.992859309186263
"143",1.21328849399446e-07,2.3919714558e-06,0.0687034410398795,0.931294045659815
"144",1.92283919027962e-07,1.13231599560613e-05,0.0279905644478742,0.971997920108251
"145",5.49018221238227e-06,0.000103601332091823,0.0401895595704047,0.959701348915291
"146",4.52640945103172e-08,3.44051979394518e-06,0.0250825651729659,0.974913949043146
"147",2.86741137513138e-06,7.47721153674353e-05,0.0327816542361717,0.967140706237086
"148",1.34172114084861e-07,5.56900568313772e-06,0.0428620295171077,0.957132267305095
"149",1.15666479144905e-05,5.81699707057451e-05,0.204885498653674,0.795044764727706
"150",2.68450791414801e-07,7.2697972980125e-06,0.0642984388514603,0.93569402290045
"151",4.73260168044385e-06,3.91456458655456e-05,0.155448710893881,0.844507410858573
"152",2.06434144115248e-06,3.52607080864487e-05,0.07842520913559,0.921537465814882
"153",1.55138816033864e-06,1.24744749702491e-06,0.72012318556006,0.279874015604282
"154",4.54726529475931e-06,3.77236742530177e-06,0.804400207448068,0.195591472919212
"155",2.60817006080121e-05,3.09342002280232e-05,0.662089140524889,0.337853843574275
"156",7.1208319903307e-06,3.05324108827389e-06,0.907114014111871,0.0928758118150503
"157",4.16775438161461e-06,8.39320416061574e-08,0.995301046589133,0.00469470172444387
"158",2.02415920212734e-06,4.11034516611136e-07,0.956683160568788,0.0433144042374933
"159",8.14762642058046e-06,8.10142603017868e-07,0.981023095345756,0.0189679468852203
"160",4.45389380113716e-06,1.14202269642081e-06,0.942491600027176,0.0575028040563268
"161",2.77505913943735e-06,1.9805032051153e-06,0.809230064662994,0.190765179774661
"162",4.17984675177468e-07,8.79454628385716e-08,0.94802781539539,0.0519716786744717
"163",1.10620205525838e-05,2.60609803751271e-06,0.945435390771631,0.0545509411097793
"164",3.86993298448756e-06,4.95702661471522e-07,0.963357866193161,0.036637768171193
"165",2.21828666627251e-05,6.39255762700893e-06,0.921890159002445,0.0780812655732656
"166",6.97836709846124e-07,1.14701376447054e-07,0.970353585048093,0.0296456024138206
"167",1.68827748316536e-06,9.34123842126588e-09,0.998653870154874,0.0013444322264042
"168",3.16333528327254e-07,1.63072056098367e-08,0.991462988524597,0.0085366788346695
"169",2.25961666459099e-06,6.75595363252434e-08,0.993791252422817,0.00620642040098174
"170",5.2335415698357e-07,1.25797727930523e-08,0.995341996533996,0.00465746753207425
"171",1.17955338334176e-05,6.42413423978973e-07,0.988212461331208,0.0117751007215348
"172",1.13940002574091e-06,4.79070538595538e-08,0.990650418852528,0.00934839384039265
"173",1.4076454939656e-06,9.47089394774823e-08,0.97973207384321,0.0202664238023567
"174",6.96073454907934e-07,1.72362731248036e-08,0.995948418633239,0.00405086805703327
"175",1.20568443090856e-06,8.32807878646512e-09,0.998706462309128,0.00129232367836184
"176",4.04856105788159e-07,2.88247536814872e-09,0.998825755851612,0.00117383640980646
"177",1.25098707957884e-06,9.62261948621288e-09,0.998601690773403,0.00139704861689744
"178",1.23956009764301e-06,9.39593218706008e-09,0.998621232349607,0.00137751869436281
"179",2.47636530906596e-06,7.66653242190325e-08,0.993699791525036,0.00629765544433031
"180",3.72475909625306e-07,7.72668518633689e-09,0.995922819567492,0.00407680022991356
"181",2.19336264560245e-06,2.53206505464964e-07,0.96156689895167,0.0384306544791792
"182",4.37284559722272e-06,6.75190072308188e-07,0.972665262564147,0.0273296894001834
"183",1.69668811358803e-07,5.89492171330747e-10,0.999436525737271,0.000563304004425027
"184",7.27825488753903e-06,1.33669055315572e-07,0.997204539934522,0.00278804814153542
"185",0.000105253133749933,2.36892635339647e-06,0.996140367744176,0.00375201019572062
"186",8.75659203367808e-08,1.41393826483293e-10,0.999715412053005,0.000284500239680395
"187",1.66711892390862e-07,1.15459206843247e-09,0.998484858778674,0.00151497335484124
"188",3.32328866401231e-06,6.28343514432974e-08,0.996321878893313,0.00367473498367166
"189",2.86308809104331e-07,9.91186410169258e-09,0.992415088052182,0.00758461572714493
"190",1.78370035909469e-06,2.32879291146562e-08,0.997639752828696,0.00235844018301632
"191",2.42242000707147e-06,3.99896377461921e-07,0.948282087668303,0.0517150900153122
"192",7.02670939238325e-08,3.55094086060133e-10,0.998930780758498,0.00106914861931381
"193",6.2581670264871e-07,2.37797551862114e-08,0.991049901027823,0.00894944937571958
"194",3.17847162081708e-06,8.15155123732049e-07,0.920997678612039,0.0789983277612162
"195",4.10565759503958e-07,2.12107032197449e-09,0.999088883086011,0.000910704227159415
"196",2.03127643452444e-06,2.1846216675645e-08,0.997949406530087,0.0020485403472621
"197",2.35247857584278e-06,3.02295867780095e-08,0.997544283169379,0.00245333412245842
"198",1.80058210988946e-10,2.2368469504726e-07,0.00194173825253572,0.998058037882711
"199",7.35085388554523e-07,2.7670792773583e-05,0.0299465198355752,0.970025074286263
"200",6.86017107898564e-05,1.71094392572675e-05,0.887717387504796,0.112196901345157
"201",5.20800220835611e-08,6.83749726389824e-06,0.0101571723945552,0.989835938028159
"202",2.13947630867853e-06,6.79316504486436e-05,0.0244850501058597,0.975444878767383
"203",3.35002363866137e-08,5.05871837234443e-06,0.00935499283861268,0.990639914942779
"204",8.63179244279408e-09,1.71417080121073e-06,0.0115324543273221,0.988465822870084
"205",1.68706341108166e-05,0.000184457169118604,0.142482145167454,0.857316527029316
"206",9.15568770367265e-06,6.45919356683567e-05,0.1794881848028,0.820438067573828
"207",1.37908167993853e-08,3.76136003766201e-06,0.00474708258392118,0.995249142265224
"208",2.82145333402321e-07,2.595512964099e-05,0.00932117789676097,0.990652584828265
"209",4.51032068542172e-07,7.48721743444728e-05,0.00592790112101081,0.993996775672576
"210",1.70511671134194e-09,4.54903046998457e-06,0.000462284368419315,0.999533164895994
"211",1.07794361154724e-08,3.7854757237519e-06,0.00279732888703855,0.997198874857802
"212",2.62694352501032e-08,2.51640459262678e-06,0.014159149607523,0.985838307718449
"213",1.17899063556615e-06,3.29216974096959e-05,0.0371893524234942,0.962776546888461
"214",0.000158324555730044,0.0013512582795306,0.0834723350504183,0.915018082114321
"215",3.33721987212433e-06,4.04109409082715e-05,0.105040883159762,0.894915368679457
"216",7.29616308410222e-07,2.84457975272178e-05,0.0353031983216378,0.964667626264527
"217",3.35677913260177e-07,1.11658737084011e-05,0.0417957379956462,0.958192760452732
"218",1.55987179424934e-05,5.23836458038849e-05,0.273161137467957,0.726770880168296
"219",9.28504673663066e-07,1.76581383296409e-05,0.0733953828732496,0.926586030483747
"220",8.23713970964682e-06,5.73565138327451e-05,0.173100504483316,0.826833901863141
"221",2.6250092245163e-06,3.62538828517712e-05,0.0818527356735092,0.918108385434415
"222",3.03434067808266e-09,1.72097974413544e-06,0.00198929166958647,0.998008984316329
"223",1.03485559010303e-07,1.5375392192145e-05,0.0056654029665788,0.99431911815567
"224",8.84224154100473e-08,1.64662133693593e-05,0.00397128101501879,0.996012164349196
"225",2.39416816174955e-07,2.46030357307146e-05,0.00803838624231983,0.991936771305133
"226",3.28141317000847e-09,3.4245014222924e-06,0.000756949499467867,0.999239622717697
"227",1.18934150874787e-07,1.88597274712438e-05,0.00500308087880064,0.994977940459577
"228",3.36174119627244e-09,1.66498298796078e-06,0.00296543597350275,0.997032895681768
"229",1.43585138314685e-05,6.42364578157231e-05,0.206964943044203,0.79295646198415
"230",2.22862678765675e-09,1.46990541421852e-06,0.00219338308215739,0.997805144783802
"231",4.41680559124945e-07,2.22340972783628e-05,0.0193027749073056,0.980674549314857
"232",7.52917145025301e-07,3.36568239548063e-06,0.235223345852859,0.7647725355476
"233",3.46819659967777e-07,2.89936767597514e-05,0.0108489481056188,0.989121711397961
"234",3.51604224163616e-08,9.28626963707962e-06,0.00361653379894388,0.996374144770997
"235",3.25038945665334e-07,3.04358181461915e-05,0.00772646633131025,0.992242772811598
"236",1.42196532333345e-07,1.98312870347411e-05,0.00555037480308484,0.994429651713348
"237",2.74013305994968e-08,9.29414101582464e-06,0.00257530808825076,0.997415370369403
"238",8.26341522358928e-07,0.000652870189113637,0.000430959608708964,0.998915343860655
"239",0.00103265742447431,0.0184056946636547,0.0218533103227338,0.958708337589137
"240",0.456800317961383,0.506591635536724,0.00935423346267259,0.0272538130392204
"241",2.40101169603938e-06,0.000169370396604508,0.00545072433873255,0.994377504252967
"242",3.0501063641954e-06,0.000427379613997153,0.00383262639677348,0.995736943882865
"243",6.11079981121632e-09,3.64623234568912e-06,0.00124385623201786,0.998752491424837
"244",4.06533906646767e-10,1.30557863604567e-06,0.000251430350818335,0.999747263664012
"245",1.76324929225265e-10,1.33239305164554e-07,0.00185283242693269,0.998147034157437
"246",1.06880802123221e-09,1.72728670935683e-06,0.000777190609020071,0.999221081035463
"247",6.14892979384722e-10,5.37756866696946e-08,0.0188271461932732,0.981172799416147
"248",5.32972218063576e-08,1.48880324248084e-06,0.0580965251549941,0.941901932744542
"249",9.4421960648534e-10,7.57850244329794e-08,0.0312095423437266,0.968790380927029
"250",4.16381162664712e-08,1.0867185382841e-06,0.0689314532611561,0.931067418382189
"251",5.34826179548706e-09,1.56038892949125e-07,0.0710447903731204,0.928955048239725
"252",6.18853060597481e-09,4.07964703858189e-07,0.0442850230433365,0.955714562803429
"253",8.72823957309132e-09,8.69695191407437e-09,0.680012892397359,0.31998709017745
"254",2.3475998197994e-08,4.767263675413e-08,0.673141851225127,0.326858077626238
"255",3.03562082934967e-08,9.5919315871101e-09,0.938644801470405,0.0613551585814547
"256",1.5687177826418e-06,0.00090135314842649,0.000458824483543548,0.998638253650247
"257",7.07510969052177e-06,0.000125409852648708,0.0326914401173457,0.967176074920315
"258",5.60565709720081e-06,0.00346711766409256,0.000519668998610152,0.9960076076802
"259",0.0233009455131685,0.351947867541964,0.0100382281017678,0.6147129588431
"260",0.0210463084384879,0.350501393105929,0.00871126961686734,0.619741028838716
"261",0.13837998594205,0.830285538089701,0.00147327976492008,0.0298611962033291
"262",0.629591216280906,0.356508557127811,0.00643395591829923,0.0074662706729844
"263",0.134784981023947,0.863443562277569,5.91546220336557e-05,0.00171230207645079
"264",0.0545221967530715,0.94536375868768,1.01670949235307e-06,0.000113027849756159
"265",0.234484592396832,0.763922474271453,0.000185221508625133,0.00140771182308954
"266",1.67408682764906e-05,0.00343203156390739,0.00174776577657017,0.994803461791246
"267",3.16538454395822e-05,0.00487952871230573,0.00295838946908479,0.99213042797317
"268",0.0039256789103442,0.00166528739642105,0.77889378514039,0.215515248552844
"269",6.74601106119197e-05,0.0159407175401819,0.00226003751032549,0.981731784838881
"270",0.000120224076760734,0.00116108737092959,0.0386418432182691,0.960076845334041
"271",0.00406946480996866,0.529434819598678,0.00107938255296624,0.465416333038387
"272",0.369966312779996,0.591762099653996,0.00550143962744128,0.0327701479385668
"273",0.00468804522769247,0.536581269010197,0.000896280668007006,0.457834405094104
"274",0.0109710464173761,0.141900129294843,0.0201979690467987,0.826930855240982
"275",0.0102399380188425,0.740414638745011,0.000609979064652908,0.248735444171493
"276",0.00121039115494439,0.66870470287679,0.0001609229938047,0.329923982974461
"277",0.0156612159552341,0.961871215195196,6.38031943097977e-05,0.0224037656552597
"278",0.0131151578181383,0.985134809859004,2.22824293540126e-06,0.0017478040799222
"279",0.0810929964548435,0.91465344078974,7.48396049487797e-05,0.00417872315046741
"280",0.0159914588482764,0.983804650094941,2.62255346949793e-07,0.000203628801435585
"281",0.0101485340913953,0.989834997476884,3.13979829970458e-08,1.64370337372479e-05
"282",0.0263857892482205,0.973610998558152,7.29347574736391e-09,3.20490015171403e-06
"283",0.0634555441421487,0.936464037520401,9.94755940867614e-07,7.94235815096102e-05
"284",0.0443795604916667,0.955620291585956,8.62973302210275e-10,1.47059404467857e-07
"285",0.0491845443715923,0.950815338422772,7.58043436728188e-10,1.1644759221364e-07
"286",0.0488182624566132,0.951177577900192,4.25525331353039e-08,4.11709066145231e-06
"287",0.056258104234585,0.943685571481839,6.39174598382089e-07,5.56851089772726e-05
"288",0.292511521749882,0.707485235563492,1.88163466813208e-07,3.05452315878299e-06
"289",0.368076981890979,0.631911591025231,1.47299773603876e-06,9.95408605350286e-06
"290",0.620219272657237,0.379775041559336,1.87217623888985e-06,3.81360718806008e-06
"291",0.452790939647023,0.547208182561319,9.19271413956287e-08,7.85864516031519e-07
"292",0.335233175344622,0.664750559789077,1.46237676608827e-06,1.48024895346396e-05
"293",0.668806048706248,0.331193913512449,8.45448058489418e-09,2.93268223362668e-08
"294",0.716455073426971,0.283544757629566,4.72557662239853e-08,1.21687696074101e-07
"295",0.640626370075881,0.359369499370043,1.41550018100215e-06,2.71505389507551e-06
"296",0.77107371146384,0.228925114145377,6.23156069576848e-07,5.5123471310247e-07
"297",0.776639189269272,0.223360725568809,3.30360777323924e-08,5.21258414485314e-08
"298",0.911308955454371,0.0886889427080801,1.6264811335631e-06,4.75356415686041e-07
"299",0.817289818272385,0.182709940698165,1.16085457090828e-07,1.2494399284139e-07
"300",0.976185136061295,0.0238140851478286,7.2666375208403e-07,5.21271239262441e-08
"301",0.81665926954858,0.183339971305441,3.81801067411198e-07,3.77344912151649e-07
"302",0.726858541767767,0.273140014085632,6.51827032578006e-07,7.92319568467665e-07
"303",2.57001827863374e-09,2.60392171679964e-07,0.0207460675080176,0.979253669529792
"304",1.07827597581116e-05,1.86763549571533e-05,0.564864701614382,0.435105839270903
"305",0.0018502939753557,0.0010627944618217,0.81834495173225,0.178741959830573
"306",2.05308561554754e-05,3.35464884134408e-05,0.634793257113244,0.365152665542187
"307",0.0713946970195724,0.000640569965362841,0.926047519493724,0.00191721352134032
"308",6.75575996083584e-07,5.74500788398727e-07,0.791090219059359,0.208908530863857
"309",1.38781591143409e-05,1.38069294723305e-05,0.798731765262698,0.201240549648716
"310",0.00112830867413617,0.000263148309990187,0.93957764050458,0.0590309025112939
"311",4.17390326977725e-05,4.57513298549454e-05,0.674595586219103,0.325316923418344
"312",6.6203189674716e-07,5.29888266080565e-07,0.843063797859075,0.156935010220762
"313",1.22163328345149e-05,9.01674352622851e-06,0.823408832539404,0.176569934384235
"314",1.89971242743878e-05,1.66180947622964e-05,0.764192196380045,0.235772188400918
"315",1.86702542876176e-06,9.67475077363447e-07,0.892892462551691,0.107104702947803
"316",1.22833826523998e-05,6.14016569611466e-06,0.838377837469175,0.161603738982477
"317",1.15222271137186e-05,4.2953851735098e-06,0.923457926198262,0.0765262561894505
"318",3.49053084753991e-06,7.71917721115466e-07,0.952268927596508,0.0477268099549237
"319",2.25351785578668e-06,4.03559708746342e-07,0.965413205650298,0.0345841372721377
"320",1.78336494726931e-06,2.44472114533223e-07,0.969693789217245,0.0303041829456935
"321",5.71004166089529e-06,4.39239066067535e-06,0.780914435523798,0.21907546204388
"322",3.87069937413599e-06,2.99955493029679e-07,0.987518951415477,0.0124768779296557
"323",0.000200801525915218,4.7699515894675e-06,0.995826235608974,0.00396819291352118
"324",4.46758187189154e-06,1.42996766590662e-07,0.993939568466519,0.00605582095484213
"325",6.25367951269485e-10,1.05679805182097e-07,0.0168435557415597,0.983156337953267
"326",0.000202118554086443,0.00141005995103906,0.101263202147991,0.897124619346884
"327",4.60903920909345e-06,8.6713617237758e-06,0.404222521913232,0.595764197685835
"328",0.00418470427752498,0.0136811796864158,0.189324151666478,0.792809964369581
"329",0.450961378243519,0.498870759088444,0.014338021230223,0.0358298414378146
"330",4.11381713465079e-05,5.03507790112727e-05,0.449157822223683,0.550750688825959
"331",2.15538088787684e-05,3.49872127740379e-05,0.576997477530072,0.422945981448275
"332",8.45855326278582e-06,1.55404831578519e-05,0.455239277198802,0.544736723764777
"333",9.9961807527418e-06,2.87823525760894e-05,0.463456943630946,0.536504277835725
"334",4.44849348304059e-10,8.4106052439618e-08,0.0154920299476562,0.984507885501442
"335",7.06036751118569e-05,0.000262020146947962,0.21283084629137,0.78683652988657
"336",1.00821189351246e-08,1.8587657421772e-06,0.0121961895150823,0.987801941637056
"337",0.0109522377234641,0.0271185866491182,0.195097690751645,0.766831484875773
"338",9.46944192273351e-09,1.94156570573054e-06,0.0109085785367748,0.989089470428077
"339",0.00190289865792512,0.000144905074946434,0.967512561075514,0.0304396351916144
"340",2.17455811249225e-08,1.36801277471271e-05,0.00217712263788064,0.997809175488791
"341",0.034477296461927,0.219322085676136,0.0332156186786354,0.712984999183301
"342",0.0677758066237987,0.904084545782396,0.000467851169782637,0.0276717964240227
"343",0.0187981058949663,0.246470917945136,0.0187078333017782,0.71602314285812
"344",4.63413912770687e-10,8.37815455694724e-07,0.000734768361132651,0.999264393359998
"345",2.71182062689443e-06,4.23177502971429e-05,0.0587610900495369,0.941193880379539
"346",1.50093683325881e-06,2.76993065555106e-05,0.0660254919778401,0.933945307778771
"347",1.88355681654932e-06,3.29182270783434e-05,0.0710224117471143,0.928942786468991
"348",1.6169625249016e-13,3.95061746152665e-09,9.95029543415327e-05,0.999900493094879
"349",4.34024221758176e-11,1.2420213726708e-07,0.000372031260499123,0.999627844493961
"350",9.69444519763192e-05,0.000328550072297767,0.143043086547606,0.85653141892812
"351",0.00330133211845721,0.02314531678726,0.0605294833020188,0.913023867792264
"352",0.000342308576610602,0.000432500673586149,0.31118429449469,0.688040896255113
"353",0.0723222711885567,0.131741815495924,0.223173964115837,0.572761949199682
"354",0.374915040377121,0.623823926394216,0.000236555896278222,0.00102447733238487
"355",0.0810073920956444,0.126093603948641,0.228431818369487,0.564467185586227
"356",0.0477025612111923,0.0686096211304829,0.276029021083315,0.60765879657501
"357",0.371774712432724,0.496690724035833,0.0465866567291434,0.0849479068022995
"358",0.994575507983188,0.0054075527784944,1.66582425254562e-05,2.80995792417879e-07
"359",4.29210135296449e-05,3.2047157400811e-05,0.54282650845543,0.457098523373639
"360",7.69314267025883e-06,1.68736239420321e-07,0.99261721497289,0.0073749231482006
"361",2.88426245846499e-06,2.36036966798448e-06,0.67689396556696,0.323100789800913
"362",3.58031463114187e-05,4.85862728148408e-05,0.732458020444126,0.267457590136748
"363",2.69861608829769e-06,3.18855329602457e-06,0.757943946879855,0.242050165950761
"364",2.13822893369675e-05,3.45096764660451e-05,0.564443767755137,0.43550034027906
"365",7.05949618511206e-06,4.6658868778188e-06,0.865547023726575,0.134441250890362
"366",4.17771303271291e-06,9.91826410065254e-08,0.994413797544867,0.00558192555945953
"367",1.90096422863513e-05,5.16761320879613e-06,0.941478276275368,0.0584975464691365
"368",3.81564960640197e-06,4.15516333798487e-06,0.790944690672639,0.209047338514417
"369",2.16276327298364e-05,4.39157474845011e-06,0.947572439400086,0.0524015413924356
"370",6.51421238267219e-06,4.53585837785411e-07,0.986473105996203,0.0135199262055761
"371",5.97774446349995e-05,4.25999280868285e-05,0.829936092718881,0.169961529908397
"372",0.000449230653602514,0.00023751806834025,0.851205887974984,0.148107363303073
"373",4.61442511679054e-06,7.32715441815798e-08,0.995771894469033,0.00422341783430557
"374",0.00862386961655619,0.00289414800420364,0.839561350227237,0.148920632152003
"375",0.826201338718078,0.163554835329088,0.00760673728766813,0.00263708866516581
"376",3.78955005249982e-06,7.11972606411943e-09,0.999314694050728,0.000681509279493818
"377",8.73562192246096e-11,4.37000648504643e-07,0.00032651863138348,0.999673044280612
"378",0.0011291656741216,0.00351889065323892,0.245437792818277,0.749914150854363
"379",2.16912788989769e-13,1.41292500491856e-08,3.03162892621434e-05,0.999969669581271
"380",1.28336660508508e-11,6.94512854345568e-08,0.000251756099136863,0.999748174436744
"381",3.2912428197444e-06,3.23449903554317e-05,0.108157334168086,0.891807029598738
"382",3.51770932940112e-05,0.000138744980569961,0.249846457086884,0.749979620839252
"383",3.9022595968837e-05,0.000130388499891107,0.278300760506049,0.721529828398091
"384",1.37704592605413e-11,9.74863685600105e-08,0.000251370355040203,0.999748532144821
"385",4.92845060325024e-09,9.8000406345481e-07,0.00660589377087754,0.993393121296608
"386",6.35096008858133e-08,5.02362445418169e-06,0.0165127904603569,0.983482122405588
"387",3.69261733904593e-06,8.94209522177286e-05,0.0285499745202316,0.971356911910212
"388",8.5154314647905e-07,1.07458356691721e-05,0.102469758375477,0.897518644245707
"389",8.88289500893466e-06,6.97364045162444e-05,0.171064011367278,0.828857369333196
"390",1.61563177242682e-05,8.16312061387919e-05,0.222943917194349,0.776958295281788
"391",1.81541064238787e-08,2.65419629709497e-06,0.0103039422076722,0.989693385441924
"392",5.73690567391604e-07,1.36709937578059e-05,0.0472002747131456,0.952785480602529
"393",1.3217845855684e-06,5.43339942170897e-05,0.0195436403001552,0.980400703921042
"394",2.77911714828842e-06,1.153056491874e-05,0.261926384709429,0.738059305608504
"395",1.68330779860484e-06,2.02542830160111e-05,0.127122427732841,0.872855634676345
"396",1.0352764530162e-05,2.66220980330068e-05,0.501734461091464,0.498228564045972
"397",2.14386268061734e-07,2.11305100101373e-05,0.00952697426348151,0.99045168084024
"398",1.14412011571648e-07,1.02390838100168e-05,0.0114916604899046,0.988497986014274
"399",2.62912455011577e-07,1.36880497641498e-05,0.0228497912942817,0.977136257743499
"400",2.12704794198554e-08,8.26967931082862e-06,0.00226685347486724,0.997724855575343
"401",1.65407883129283e-07,1.75046258058128e-05,0.00840813661294403,0.991574193353367
"402",3.22824228655374e-06,0.000444823161573415,0.00469036508034501,0.994861583515795
"403",1.17354873951285e-07,6.36422633931555e-06,0.0211928978551849,0.978800620563602
"404",4.26549459170897e-07,7.90089336767844e-06,0.0754016876966963,0.924589984860477
"405",4.20494643941256e-09,3.00635284609828e-06,0.00132044743426431,0.998676542007943
"406",2.7412412865112e-06,1.46457354367335e-05,0.217897952296411,0.782084660726866
"407",4.95584091841952e-06,3.30699543128596e-05,0.218340896528516,0.781621077676253
"408",7.91182537931274e-06,3.4342451396158e-05,0.304356511943165,0.695601233780059
"409",4.24637785695381e-06,1.65069418937697e-05,0.358878618257333,0.641100628422916
"410",5.59033975910247e-06,3.40539526184424e-06,0.779092090959444,0.220898913305535
"411",1.36840050436006e-05,9.15572073355458e-06,0.864426267020746,0.135550893253477
"412",1.45209356220207e-06,8.05750962970195e-07,0.838921114054326,0.161076628101149
"413",1.0829155875299e-06,7.05445850104762e-07,0.888031104540945,0.111967107097617
"414",3.93558994969158e-06,4.03597975598079e-07,0.980603280519589,0.0193923802924854
"415",3.24832971521154e-07,1.12515827426224e-09,0.999314272668681,0.000685401373189002
"416",1.22448978096594e-07,9.27593685170133e-05,0.00138287584339603,0.998524242339109
"417",0.252644092430595,0.486339446953594,0.0415070686532555,0.219509391962555
"418",2.91604091640584e-09,2.0192310045001e-06,0.00152409973580713,0.998473878117147
"419",1.54608434134742e-08,7.0652440815596e-07,0.0322010735115641,0.967798204503184
"420",7.93387575373322e-08,1.18532089203544e-06,0.119768657717885,0.880230077622465
"421",1.41589072473755e-05,2.16165923141299e-05,0.585122767683528,0.41484145681691
"422",1.60370813020404e-05,2.42830116690843e-06,0.95553569573435,0.0444458388831806
"423",2.00835580562654e-05,4.63598079374974e-06,0.933348497498251,0.0666267829628992
"424",2.73071440588549e-07,4.71976140179705e-06,0.123935731720736,0.876059275446422
"425",1.58432947083274e-10,6.93020649542478e-07,0.000211340754466301,0.999787966066451
"426",4.98988952124207e-07,5.8811982078854e-06,0.168111098237481,0.831882521575359
"427",2.17331181699792e-05,3.88248303378929e-05,0.556779816952619,0.443159625098873
"428",3.09258760697483e-06,4.86119601039273e-05,0.0882622320217384,0.911686063430551
"429",1.88145130173921e-08,1.61929137684645e-06,0.0312613196095537,0.968737042284556
"430",1.03853735424983e-05,0.000101016057167538,0.0940760927922082,0.905812505777082
"431",3.44583849278934e-08,1.67688974723411e-06,0.0382939404085053,0.961704348243363
"432",2.68319952669756e-06,7.11203592071091e-05,0.0338333078110841,0.966092888630182
"433",2.63863661679367e-08,1.07280091548878e-06,0.0559513562420055,0.944047544570713
"434",1.09715800032502e-05,7.00696599950607e-05,0.175109918818694,0.824809039941307
"435",5.03007711067079e-08,1.25096997300345e-06,0.0922726604229085,0.907726038306347
"436",7.04331969976192e-06,4.02382658420314e-05,0.247650670279483,0.752302048134975
"437",7.81678321616969e-08,2.06608221220061e-06,0.0977089383548475,0.902288917395108
"438",2.28004401580658e-06,3.37154829338976e-05,0.102570910512942,0.897393093960108
"439",1.84481939656939e-06,2.52263482308511e-05,0.133080065738806,0.866892863093567
"440",1.13011578527882e-09,6.38913324326926e-07,0.00266527182916609,0.997334088127394
"441",6.47996769276805e-07,1.66424501409982e-05,0.0412713785665104,0.958711330986579
"442",2.47667227686252e-06,6.44338936447544e-05,0.0380914308459157,0.961841658588163
"443",2.36322565105895e-06,2.77211547136023e-05,0.130861449618817,0.869108466000819
"444",4.07075101520501e-06,3.36492973691528e-05,0.18434248656175,0.815619793389866
"445",7.85932529101173e-05,0.000793857831175874,0.178512685613372,0.820614863302542
"446",1.7466380600511e-09,4.58207716496108e-07,0.00650412975922794,0.993495410286418
"447",1.42447271646074e-08,3.39849897411724e-07,0.067547647402878,0.932451998502497
"448",5.63947530004206e-08,1.78634453285943e-06,0.0816105123414231,0.918387644919291
"449",4.03846875937733e-06,1.86350245402939e-05,0.290888782521943,0.709088543984757
"450",1.24707409287805e-05,5.34280024933461e-05,0.333856173349575,0.666077927907002
"451",2.24462342524679e-05,3.97814969862674e-06,0.935086990859144,0.0648865847569053
"452",3.82993737146815e-06,5.18216972535816e-05,0.0943022043314358,0.905642144033939
"453",4.68967866303621e-07,3.12468969905392e-05,0.0150065736137315,0.984961710521412
"454",5.44232289476267e-06,1.96765899783137e-05,0.285694300195302,0.714280580891824
"455",3.26351632985958e-07,4.72315431440629e-06,0.136750881313742,0.863244069180311
"456",1.17743280759526e-07,2.22965160288038e-06,0.156729946053968,0.843267706551148
"457",0.00115756874783009,0.000183298267260171,0.942319123947952,0.0563400090369578
"458",1.25508704833378e-07,1.9581615931605e-06,0.154973491566346,0.845024424763356
"459",8.12416786526173e-08,1.25465426482308e-06,0.175105749547085,0.824892914556972
"460",7.11545964442015e-06,5.01131702208643e-05,0.235553195196451,0.764389576173683
"461",0.000131303104447476,0.000882495558787964,0.200078050117615,0.79890815121915
"462",0.000457069503962779,0.00954162920609265,0.0527313989975306,0.937269902292414
"463",1.26215818424661e-07,1.22311188782136e-06,0.195007994109004,0.80499065656329
"464",1.14851014482346e-07,1.16559557973042e-06,0.210000899500003,0.789997820053403
"465",3.53077899899471e-05,0.000244632647550737,0.205273589416032,0.794446470146428
"466",0.00138059171617422,0.00499491900625515,0.269620083092135,0.724004406185436
"467",0.917449254602754,0.0811919781604,0.00117564577228895,0.000183121464556634
"468",0.000209791340875403,0.000658876737627869,0.293660112553314,0.705471219368183
"469",5.96361314375205e-07,1.53866649788864e-06,0.469126519978799,0.530871344993389
"470",5.10775938468505e-06,1.61857097070784e-05,0.471248892506967,0.528729814023941
"471",3.38116317414327e-07,4.70704691264656e-07,0.700909849277253,0.299089341901738
"472",3.5212265982568e-06,5.74854698378393e-06,0.67036461934899,0.329626110877427
"473",5.98523992379784e-07,1.21211096891956e-07,0.956680310151023,0.0433189701138882
"474",2.04267850711307e-06,8.69646619809245e-08,0.992735361337452,0.00726250901937872
"475",6.53879233927403e-08,4.63709039969779e-10,0.998873211065543,0.00112672308282432
"476",8.91885155640163e-07,5.93286580920733e-09,0.99883911622778,0.00115998595419855
