[1] "abiotic_animal_ER"

Fit
      -lnL      AIC     AICc Rate.cat ntax
 -208.8785 419.7571 419.7604        1 1201

Legend
  1   2 
"1" "4" 

Rates
             (1,R1)       (2,R1)
(1,R1)           NA 0.0006893273
(2,R1) 0.0006893273           NA

Arrived at a reliable solution 
[1] "states"
           (1,R1)     (2,R1)
[1,] 0.0075905807 0.99240942
[2,] 0.0022699875 0.99773001
[3,] 0.0089752471 0.99102475
[4,] 0.9885617232 0.01143828
[5,] 0.0005309279 0.99946907
[6,] 0.0020124886 0.99798751
[1] " "
[1] "abiotic_animal_nopoly_ER"

Fit
     -lnL      AIC     AICc Rate.cat ntax
 -450.354 902.7081 902.7114        1 1201

Legend
  1   2   3 
"1" "4" "7" 

Rates
             (1,R1)       (2,R1)       (3,R1)
(1,R1)           NA 0.0007372534 0.0007372534
(2,R1) 0.0007372534           NA 0.0007372534
(3,R1) 0.0007372534 0.0007372534           NA

Arrived at a reliable solution 
[1] "states"
          (1,R1)     (2,R1)      (3,R1)
[1,] 0.008151218 0.93985689 0.051991895
[2,] 0.002837988 0.98065032 0.016511693
[3,] 0.011701649 0.97276171 0.015536643
[4,] 0.986933028 0.01193241 0.001134557
[5,] 0.001295457 0.98316465 0.015539897
[6,] 0.002412449 0.93779659 0.059790966
[1] " "
[1] "wind_water_animal_ER"

Fit
      -lnL      AIC     AICc Rate.cat ntax
 -249.9842 501.9685 501.9718        1 1201

Legend
  1   2   3 
"2" "3" "4" 

Rates
            (1,R1)      (2,R1)      (3,R1)
(1,R1)          NA 0.000335025 0.000335025
(2,R1) 0.000335025          NA 0.000335025
(3,R1) 0.000335025 0.000335025          NA

Arrived at a reliable solution 
[1] "states"
           (1,R1)       (2,R1)    (3,R1)
[1,] 3.562004e-03 3.446713e-04 0.9960933
[2,] 9.596673e-04 1.514330e-05 0.9990252
[3,] 4.078812e-03 1.645916e-04 0.9957566
[4,] 9.753990e-01 1.377484e-02 0.0108262
[5,] 4.975397e-05 4.792380e-06 0.9999455
[6,] 1.826103e-05 4.277369e-04 0.9995540
[1] " "
[1] "wind_water_animal_nopoly_ER"

Fit
      -lnL      AIC     AICc Rate.cat ntax
 -562.3722 1126.744 1126.748        1 1201

Legend
  1   2   3   4   5   6 
"1" "2" "3" "4" "8" "9" 

Rates
             (1,R1)       (2,R1)       (3,R1)       (4,R1)       (5,R1)       (6,R1)
(1,R1)           NA 0.0002953278 0.0002953278 0.0002953278 0.0002953278 0.0002953278
(2,R1) 0.0002953278           NA 0.0002953278 0.0002953278 0.0002953278 0.0002953278
(3,R1) 0.0002953278 0.0002953278           NA 0.0002953278 0.0002953278 0.0002953278
(4,R1) 0.0002953278 0.0002953278 0.0002953278           NA 0.0002953278 0.0002953278
(5,R1) 0.0002953278 0.0002953278 0.0002953278 0.0002953278           NA 0.0002953278
(6,R1) 0.0002953278 0.0002953278 0.0002953278 0.0002953278 0.0002953278           NA

Arrived at a reliable solution 
[1] "states"
           (1,R1)       (2,R1)       (3,R1)    (4,R1)       (5,R1)       (6,R1)
[1,] 2.595069e-03 2.595069e-03 2.287584e-03 0.9534221 0.0367982648 2.301886e-03
[2,] 4.057554e-04 4.057555e-04 8.367971e-05 0.9963515 0.0026546793 9.866015e-05
[3,] 1.735828e-03 1.735828e-03 1.325939e-04 0.9950739 0.0011146859 2.072105e-04
[4,] 4.122079e-01 4.122079e-01 5.227017e-03 0.1597391 0.0053795333 5.238604e-03
[5,] 6.141295e-05 6.141295e-05 7.367693e-06 0.9994573 0.0002821420 1.303679e-04
[6,] 3.614741e-04 3.614741e-04 3.449678e-04 0.9793015 0.0004288887 1.920166e-02
[1] " "
[1] "abiotic_vert_insect_ER"

Fit
      -lnL      AIC     AICc Rate.cat ntax
 -365.1421 732.2843 732.2876        1 1201

Legend
  1   2   3 
"1" "5" "6" 

Rates
             (1,R1)       (2,R1)       (3,R1)
(1,R1)           NA 0.0005802075 0.0005802075
(2,R1) 0.0005802075           NA 0.0005802075
(3,R1) 0.0005802075 0.0005802075           NA

Arrived at a reliable solution 
[1] "states"
           (1,R1)      (2,R1)       (3,R1)
[1,] 0.0063171755 0.992655674 1.027151e-03
[2,] 0.0018259014 0.998104400 6.969889e-05
[3,] 0.0073974743 0.992228193 3.743324e-04
[4,] 0.9898017969 0.009600236 5.979673e-04
[5,] 0.0003543686 0.999631371 1.426069e-05
[6,] 0.0014603586 0.998452016 8.762535e-05
[1] " "
[1] "abiotic_vert_insect_nopoly_ER"

Fit
      -lnL      AIC     AICc Rate.cat ntax
 -1035.858 2073.716 2073.719        1 1201

Legend
   1    2    3    4    5    6 
 "1" "10" "11"  "4"  "5"  "6" 

Rates
             (1,R1)       (2,R1)       (3,R1)       (4,R1)       (5,R1)       (6,R1)
(1,R1)           NA 0.0006736038 0.0006736038 0.0006736038 0.0006736038 0.0006736038
(2,R1) 0.0006736038           NA 0.0006736038 0.0006736038 0.0006736038 0.0006736038
(3,R1) 0.0006736038 0.0006736038           NA 0.0006736038 0.0006736038 0.0006736038
(4,R1) 0.0006736038 0.0006736038 0.0006736038           NA 0.0006736038 0.0006736038
(5,R1) 0.0006736038 0.0006736038 0.0006736038 0.0006736038           NA 0.0006736038
(6,R1) 0.0006736038 0.0006736038 0.0006736038 0.0006736038 0.0006736038           NA

Arrived at a reliable solution 
[1] "states"
          (1,R1)      (2,R1)       (3,R1)       (4,R1)    (5,R1)       (6,R1)
[1,] 0.007331851 0.043632116 0.0054941858 0.0054941858 0.9325535 0.0054941858
[2,] 0.002488055 0.014005370 0.0005428008 0.0005428008 0.9818782 0.0005428008
[3,] 0.010474616 0.013670882 0.0008486094 0.0008486094 0.9733087 0.0008486094
[4,] 0.985658733 0.001006783 0.0008772285 0.0008772285 0.0107028 0.0008772285
[5,] 0.001227535 0.014120784 0.0001601152 0.0001601152 0.9841713 0.0001601152
[6,] 0.002250146 0.057079207 0.0019414364 0.0019414364 0.9348463 0.0019414364
[1] " "
[1] "wind_water_vert_insect_ER"

Fit
     -lnL      AIC     AICc Rate.cat ntax
 -405.435 812.8699 812.8732        1 1201

Legend
  1   2   3   4 
"2" "3" "5" "6" 

Rates
             (1,R1)       (2,R1)       (3,R1)       (4,R1)
(1,R1)           NA 0.0003781629 0.0003781629 0.0003781629
(2,R1) 0.0003781629           NA 0.0003781629 0.0003781629
(3,R1) 0.0003781629 0.0003781629           NA 0.0003781629
(4,R1) 0.0003781629 0.0003781629 0.0003781629           NA

Arrived at a reliable solution 
[1] "states"
           (1,R1)       (2,R1)     (3,R1)       (4,R1)
[1,] 4.019436e-03 4.547495e-04 0.99507329 4.525244e-04
[2,] 1.080662e-03 2.270397e-05 0.99887626 2.037592e-05
[3,] 4.562162e-03 2.132049e-04 0.99506897 1.556645e-04
[4,] 9.717824e-01 1.562586e-02 0.01209679 4.949346e-04
[5,] 6.771292e-05 7.338062e-06 0.99992156 3.384357e-06
[6,] 2.727074e-05 5.596421e-04 0.99938825 2.483665e-05
[1] " "
[1] "abiotic_animal_ARD"

Fit
      -lnL      AIC     AICc Rate.cat ntax
 -208.8119 421.6238 421.6339        1 1201

Legend
  1   2 
"1" "4" 

Rates
             (1,R1)       (2,R1)
(1,R1)           NA 0.0008406614
(2,R1) 0.0006803608           NA

Arrived at a reliable solution 
[1] "states"
           (1,R1)     (2,R1)
[1,] 0.0080256652 0.99197433
[2,] 0.0027860911 0.99721391
[3,] 0.0109920813 0.98900792
[4,] 0.9885605360 0.01143946
[5,] 0.0008457828 0.99915422
[6,] 0.0024976256 0.99750237
[1] " "
[1] "abiotic_animal_nopoly_ARD"

Fit
      -lnL      AIC     AICc Rate.cat ntax
 -436.7597 885.5194 885.5898        1 1201

Legend
  1   2   3 
"1" "4" "7" 

Rates
             (1,R1)       (2,R1)      (3,R1)
(1,R1)           NA 0.0004150059 0.000000001
(2,R1) 0.0001495331           NA 0.001234618
(3,R1) 0.0124407802 0.0037851808          NA

Arrived at a reliable solution 
[1] "states"
           (1,R1)     (2,R1)      (3,R1)
[1,] 6.501906e-04 0.99454363 0.004806177
[2,] 1.314514e-04 0.99658937 0.003279183
[3,] 2.624674e-03 0.94306254 0.054312784
[4,] 8.824144e-01 0.00339542 0.114190166
[5,] 4.471049e-05 0.97002652 0.029928770
[6,] 1.930391e-05 0.91538048 0.084600220
[1] " "
[1] "wind_water_animal_ARD"

Fit
      -lnL      AIC     AICc Rate.cat ntax
 -221.0322 454.0644 454.1347        1 1201

Legend
  1   2   3 
"2" "3" "4" 

Rates
             (1,R1)       (2,R1)       (3,R1)
(1,R1)           NA 2.021432e-04 0.0009763549
(2,R1) 0.0000000010           NA 0.0003260973
(3,R1) 0.0006732801 5.594916e-06           NA

Arrived at a reliable solution 
[1] "states"
           (1,R1)       (2,R1)     (3,R1)
[1,] 0.0066298125 5.944037e-05 0.99331075
[2,] 0.0024761069 1.315778e-06 0.99752258
[3,] 0.0115674299 8.239002e-08 0.98843249
[4,] 0.9882711817 3.880549e-06 0.01172494
[5,] 0.0006187481 3.517050e-07 0.99938090
[6,] 0.0001976393 1.519888e-05 0.99978716
[1] " "
[1] "wind_water_animal_nopoly_ARD"

Fit
      -lnL      AIC     AICc Rate.cat ntax
 -460.7437 981.4874 983.0771        1 1201

Legend
  1   2   3   4   5   6 
"1" "2" "3" "4" "8" "9" 

Rates
             (1,R1)       (2,R1)      (3,R1)      (4,R1)      (5,R1)       (6,R1)
(1,R1)           NA 0.0000000010 0.036398217 0.000000001 0.000000001 0.0000000010
(2,R1) 0.0006454424           NA 0.000000001 0.000000001 0.000000001 0.0000000010
(3,R1) 0.0028873465 0.0000000010          NA 0.000000001 0.000000001 0.0008015546
(4,R1) 0.0000000010 0.0001935411 0.000000001          NA 0.001155665 0.0000000010
(5,R1) 0.0000000010 0.0118126216 0.000000001 0.003740701          NA 0.0000000010
(6,R1) 0.0000000010 0.0000000010 0.000000001 0.007647424 0.004760362           NA

Arrived at a reliable solution 
[1] "states"
           (1,R1)       (2,R1)       (3,R1)       (4,R1)       (5,R1)    (6,R1)
[1,] 2.101556e-04 2.547272e-07 1.667548e-02 0.0025674428 8.548436e-05 0.9804612
[2,] 7.391623e-06 5.828978e-10 8.853800e-04 0.0025975792 8.911369e-05 0.9964205
[3,] 2.802640e-06 3.396171e-04 3.670939e-05 0.0017782241 6.156719e-04 0.9972270
[4,] 2.845163e-05 9.152287e-01 3.300531e-05 0.0005174733 8.299406e-02 0.0011983
[5,] 1.289777e-05 9.057351e-08 3.599852e-05 0.0017971146 5.806810e-04 0.9975732
[6,] 3.545510e-05 5.499970e-07 9.618421e-05 0.0012245787 3.623422e-04 0.9982809
[1] " "
[1] "abiotic_vert_insect_ARD"

Fit
      -lnL      AIC     AICc Rate.cat ntax
 -347.6532 707.3064 707.3768        1 1201

Legend
  1   2   3 
"1" "5" "6" 

Rates
            (1,R1)       (2,R1)       (3,R1)
(1,R1)          NA 0.0008243957 0.0000000010
(2,R1) 0.000710066           NA 0.0005879965
(3,R1) 0.000000001 0.0131347615           NA

Arrived at a reliable solution 
[1] "states"
           (1,R1)     (2,R1)       (3,R1)
[1,] 0.0085520345 0.98189721 9.550757e-03
[2,] 0.0029441504 0.99084559 6.210255e-03
[3,] 0.0112096953 0.98176513 7.025174e-03
[4,] 0.9884246001 0.01155096 2.444179e-05
[5,] 0.0008884081 0.99016737 8.944220e-03
[6,] 0.0026510792 0.98795669 9.392235e-03
[1] " "
[1] "abiotic_vert_insect_nopoly_ARD"

Fit
     -lnL      AIC     AICc Rate.cat ntax
 -907.938 1875.876 1877.466        1 1201

Legend
   1    2    3    4    5    6 
 "1" "10" "11"  "4"  "5"  "6" 

Rates
             (1,R1)       (2,R1)      (3,R1)      (4,R1)       (5,R1)       (6,R1)
(1,R1)           NA 0.0000000010 0.041925102 0.000000001 5.704405e-05 0.0000000010
(2,R1) 0.0005371122           NA 0.000000001 0.002329773 4.879856e-03 0.0000000010
(3,R1) 5.2675709181 0.2904224953          NA 0.000000001 1.470878e-02 0.0000000010
(4,R1) 0.0024108148 0.0000000010 0.000000001          NA 2.209405e-02 0.0020191008
(5,R1) 0.0002757515 0.0009472195 0.000000001 0.001922009           NA 0.0003394758
(6,R1) 0.0000000010 0.0000000010 0.000000001 0.008568248 1.104706e-02           NA

Arrived at a reliable solution 
[1] "states"
          (1,R1)      (2,R1)       (3,R1)      (4,R1)      (5,R1)       (6,R1)
[1,] 0.031448903 0.730558657 4.842100e-04 0.111925565 0.119813972 5.768694e-03
[2,] 0.020777327 0.733642279 4.471542e-04 0.145555950 0.094964313 4.612977e-03
[3,] 0.073449560 0.685283828 9.308971e-04 0.083446554 0.152888700 4.000461e-03
[4,] 0.980963122 0.004020551 6.609636e-03 0.006272893 0.002088572 4.522548e-05
[5,] 0.010045495 0.738528941 2.037901e-04 0.042677195 0.205223102 3.321478e-03
[6,] 0.002060976 0.719628711 3.158533e-05 0.015257635 0.261672800 1.348292e-03
[1] " "
[1] "wind_water_vert_insect_ARD"

Fit
      -lnL      AIC     AICc Rate.cat ntax
 -359.8953 743.7906 744.0532        1 1201

Legend
  1   2   3   4 
"2" "3" "5" "6" 

Rates
             (1,R1)       (2,R1)       (3,R1)       (4,R1)
(1,R1)           NA 2.016371e-04 0.0009515327 0.0000000010
(2,R1) 0.0000000010           NA 0.0003272182 0.0000000010
(3,R1) 0.0007028709 5.743511e-06           NA 0.0005881277
(4,R1) 0.0000000010 1.000000e-09 0.0131298710           NA

Arrived at a reliable solution 
[1] "states"
           (1,R1)       (2,R1)    (3,R1)       (4,R1)
[1,] 0.0070142479 6.351660e-05 0.9833408 9.581426e-03
[2,] 0.0025857347 1.428713e-06 0.9911833 6.229567e-03
[3,] 0.0116777973 8.797889e-08 0.9812536 7.068524e-03
[4,] 0.9881382971 3.997155e-06 0.0118326 2.510243e-05
[5,] 0.0006263475 3.815950e-07 0.9903819 8.991389e-03
[6,] 0.0002021693 1.638535e-05 0.9902041 9.577305e-03
[1] " "
