[1] "abiotic_animal_ER"

Fit
      -lnL      AIC     AICc Rate.cat ntax
 -208.8914 419.7828 419.7862        1 1201

Legend
  1   2 
"1" "4" 

Rates
             (1,R1)       (2,R1)
(1,R1)           NA 0.0006891035
(2,R1) 0.0006891035           NA

Arrived at a reliable solution 
[1] "states"
           (1,R1)     (2,R1)
[1,] 0.0075879792 0.99241202
[2,] 0.0022690945 0.99773091
[3,] 0.0089721081 0.99102789
[4,] 0.9885653665 0.01143463
[5,] 0.0005304927 0.99946951
[6,] 0.0020111426 0.99798886
[1] " "
[1] "abiotic_animal_nopoly_ER"

Fit
      -lnL      AIC     AICc Rate.cat ntax
 -450.3816 902.7633 902.7666        1 1201

Legend
  1   2   3 
"1" "4" "7" 

Rates
             (1,R1)       (2,R1)       (3,R1)
(1,R1)           NA 0.0007370292 0.0007370292
(2,R1) 0.0007370292           NA 0.0007370292
(3,R1) 0.0007370292 0.0007370292           NA

Arrived at a reliable solution 
[1] "states"
          (1,R1)     (2,R1)      (3,R1)
[1,] 0.008148455 0.93986379 0.051987751
[2,] 0.002836797 0.98065634 0.016506864
[3,] 0.011697365 0.97277160 0.015531038
[4,] 0.986937184 0.01192895 0.001133862
[5,] 0.001294433 0.98317190 0.015533669
[6,] 0.002410916 0.93781699 0.059772092
[1] " "
[1] "wind_water_animal_ER"

Fit
      -lnL      AIC     AICc Rate.cat ntax
 -249.9966 501.9933 501.9966        1 1201

Legend
  1   2   3 
"2" "3" "4" 

Rates
             (1,R1)       (2,R1)       (3,R1)
(1,R1)           NA 0.0003349261 0.0003349261
(2,R1) 0.0003349261           NA 0.0003349261
(3,R1) 0.0003349261 0.0003349261           NA

Arrived at a reliable solution 
[1] "states"
           (1,R1)       (2,R1)     (3,R1)
[1,] 3.560939e-03 3.444676e-04 0.99609459
[2,] 9.593672e-04 1.513001e-05 0.99902550
[3,] 4.077623e-03 1.644925e-04 0.99575788
[4,] 9.754060e-01 1.377085e-02 0.01082315
[5,] 4.971873e-05 4.787782e-06 0.99994549
[6,] 1.824467e-05 4.274811e-04 0.99955427
[1] " "
[1] "wind_water_animal_nopoly_ER"

Fit
      -lnL      AIC     AICc Rate.cat ntax
 -562.3995 1126.799 1126.802        1 1201

Legend
  1   2   3   4   5   6 
"1" "2" "3" "4" "8" "9" 

Rates
             (1,R1)       (2,R1)       (3,R1)       (4,R1)       (5,R1)
(1,R1)           NA 0.0002952418 0.0002952418 0.0002952418 0.0002952418
(2,R1) 0.0002952418           NA 0.0002952418 0.0002952418 0.0002952418
(3,R1) 0.0002952418 0.0002952418           NA 0.0002952418 0.0002952418
(4,R1) 0.0002952418 0.0002952418 0.0002952418           NA 0.0002952418
(5,R1) 0.0002952418 0.0002952418 0.0002952418 0.0002952418           NA
(6,R1) 0.0002952418 0.0002952418 0.0002952418 0.0002952418 0.0002952418
             (6,R1)
(1,R1) 0.0002952418
(2,R1) 0.0002952418
(3,R1) 0.0002952418
(4,R1) 0.0002952418
(5,R1) 0.0002952418
(6,R1)           NA

Arrived at a reliable solution 
[1] "states"
           (1,R1)       (2,R1)       (3,R1)    (4,R1)       (5,R1)       (6,R1)
[1,] 0.0025942920 0.0025942920 2.286894e-03 0.9534248 0.0367985697 2.301186e-03
[2,] 0.0004056120 0.0004056120 8.362854e-05 0.9963527 0.0026538828 9.859832e-05
[3,] 0.0017352889 0.0017352889 1.325128e-04 0.9950756 0.0011142667 2.070763e-04
[4,] 0.4122090237 0.4122090237 5.225471e-03 0.1597415 0.0053779387 5.237051e-03
[5,] 0.0000613673 0.0000613673 7.360093e-06 0.9994577 0.0002819616 1.302726e-04
[6,] 0.0003612551 0.0003612551 3.447601e-04 0.9793082 0.0004286293 1.919588e-02
[1] " "
[1] "abiotic_vert_insect_ER"

Fit
      -lnL      AIC     AICc Rate.cat ntax
 -387.4946 776.9891 776.9925        1 1201

Legend
  1   2   3 
"1" "5" "6" 

Rates
             (1,R1)       (2,R1)       (3,R1)
(1,R1)           NA 0.0006090713 0.0006090713
(2,R1) 0.0006090713           NA 0.0006090713
(3,R1) 0.0006090713 0.0006090713           NA

Arrived at a reliable solution 
[1] "states"
           (1,R1)     (2,R1)       (3,R1)
[1,] 0.0066456922 0.99222287 1.131441e-03
[2,] 0.0019330764 0.99798641 8.051745e-05
[3,] 0.0077865385 0.99179880 4.146653e-04
[4,] 0.9892738529 0.01006685 6.592954e-04
[5,] 0.0004007239 0.99958235 1.692946e-05
[6,] 0.0016162128 0.99828227 1.015169e-04
[1] " "
[1] "abiotic_vert_insect_nopoly_ER"

Fit
      -lnL      AIC     AICc Rate.cat ntax
 -938.5956 1879.191 1879.195        1 1201

Legend
   1    2    3    4    5    6 
 "1" "10" "11"  "4"  "5"  "6" 

Rates
             (1,R1)       (2,R1)       (3,R1)       (4,R1)       (5,R1)
(1,R1)           NA 0.0005867517 0.0005867517 0.0005867517 0.0005867517
(2,R1) 0.0005867517           NA 0.0005867517 0.0005867517 0.0005867517
(3,R1) 0.0005867517 0.0005867517           NA 0.0005867517 0.0005867517
(4,R1) 0.0005867517 0.0005867517 0.0005867517           NA 0.0005867517
(5,R1) 0.0005867517 0.0005867517 0.0005867517 0.0005867517           NA
(6,R1) 0.0005867517 0.0005867517 0.0005867517 0.0005867517 0.0005867517
             (6,R1)
(1,R1) 0.0005867517
(2,R1) 0.0005867517
(3,R1) 0.0005867517
(4,R1) 0.0005867517
(5,R1) 0.0005867517
(6,R1)           NA

Arrived at a reliable solution 
[1] "states"
           (1,R1)       (2,R1)       (3,R1)       (4,R1)      (5,R1)       (6,R1)
[1,] 0.0062964484 0.0428845125 4.719392e-03 4.719392e-03 0.936660864 4.719392e-03
[2,] 0.0020596507 0.0123544096 3.944857e-04 3.944857e-04 0.984402482 3.944857e-04
[3,] 0.0088691250 0.0115993781 6.143662e-04 6.143662e-04 0.977688398 6.143662e-04
[4,] 0.9878666453 0.0007560705 6.577375e-04 6.577375e-04 0.009404072 6.577375e-04
[5,] 0.0008363329 0.0116963631 9.383011e-05 9.383011e-05 0.987185814 9.383011e-05
[6,] 0.0016620031 0.0491402982 1.444471e-03 1.444471e-03 0.944864286 1.444471e-03
[1] " "
[1] "wind_water_vert_insect_ER"

Fit
      -lnL      AIC     AICc Rate.cat ntax
 -429.4785 860.9571 860.9604        1 1201

Legend
  1   2   3   4 
"2" "3" "5" "6" 

Rates
             (1,R1)       (2,R1)       (3,R1)       (4,R1)
(1,R1)           NA 0.0003986652 0.0003986652 0.0003986652
(2,R1) 0.0003986652           NA 0.0003986652 0.0003986652
(3,R1) 0.0003986652 0.0003986652           NA 0.0003986652
(4,R1) 0.0003986652 0.0003986652 0.0003986652           NA

Arrived at a reliable solution 
[1] "states"
           (1,R1)       (2,R1)     (3,R1)       (4,R1)
[1,] 4.240588e-03 5.062886e-04 0.99474943 5.036925e-04
[2,] 1.143213e-03 2.661843e-05 0.99880627 2.390121e-05
[3,] 4.804960e-03 2.377367e-04 0.99478352 1.737791e-04
[4,] 9.702755e-01 1.646070e-02 0.01271418 5.496212e-04
[5,] 7.715707e-05 8.748707e-06 0.99991004 4.052335e-06
[6,] 3.208354e-05 6.238184e-04 0.99931492 2.918173e-05
[1] " "
[1] "abiotic_animal_ARD"

Fit
      -lnL      AIC     AICc Rate.cat ntax
 -208.8247 421.6494 421.6594        1 1201

Legend
  1   2 
"1" "4" 

Rates
             (1,R1)       (2,R1)
(1,R1)           NA 0.0008405527
(2,R1) 0.0006801973           NA

Arrived at a reliable solution 
[1] "states"
           (1,R1)     (2,R1)
[1,] 0.0080239185 0.99197608
[2,] 0.0027855939 0.99721441
[3,] 0.0109904574 0.98900954
[4,] 0.9885631822 0.01143682
[5,] 0.0008454896 0.99915451
[6,] 0.0024967074 0.99750329
[1] " "
[1] "abiotic_animal_nopoly_ARD"

Fit
      -lnL      AIC     AICc Rate.cat ntax
 -436.7864 885.5729 885.6432        1 1201

Legend
  1   2   3 
"1" "4" "7" 

Rates
             (1,R1)       (2,R1)      (3,R1)
(1,R1)           NA 0.0004153207 0.000000001
(2,R1) 0.0001489779           NA 0.001234122
(3,R1) 0.0124470516 0.0037740075          NA

Arrived at a reliable solution 
[1] "states"
           (1,R1)      (2,R1)      (3,R1)
[1,] 6.506744e-04 0.994565729 0.004783596
[2,] 1.316868e-04 0.996608949 0.003259364
[3,] 2.624926e-03 0.943251974 0.054123100
[4,] 8.822386e-01 0.003389569 0.114371803
[5,] 4.478057e-05 0.970179346 0.029775873
[6,] 1.930501e-05 0.915625243 0.084355452
[1] " "
[1] "wind_water_animal_ARD"

Fit
     -lnL      AIC     AICc Rate.cat ntax
 -221.045 454.0899 454.1603        1 1201

Legend
  1   2   3 
"2" "3" "4" 

Rates
             (1,R1)       (2,R1)       (3,R1)
(1,R1)           NA 2.020707e-04 0.0009763169
(2,R1) 0.0000000010           NA 0.0003259843
(3,R1) 0.0006730292 5.596725e-06           NA

Arrived at a reliable solution 
[1] "states"
           (1,R1)       (2,R1)     (3,R1)
[1,] 0.0066284507 5.938475e-05 0.99331216
[2,] 0.0024760222 1.314084e-06 0.99752266
[3,] 0.0115669569 8.230907e-08 0.98843296
[4,] 0.9882752694 3.878205e-06 0.01172085
[5,] 0.0006186642 3.513145e-07 0.99938098
[6,] 0.0001975468 1.519042e-05 0.99978726
[1] " "
[1] "wind_water_animal_nopoly_ARD"

Fit
      -lnL      AIC     AICc Rate.cat ntax
 -461.7593 983.5186 985.1084        1 1201

Legend
  1   2   3   4   5   6 
"1" "2" "3" "4" "8" "9" 

Rates
             (1,R1)       (2,R1)      (3,R1)       (4,R1)      (5,R1)
(1,R1)           NA 1.727254e-02 0.000000001 0.0000000010 0.000000001
(2,R1) 0.0002393334           NA 0.000000001 0.0001932731 0.001474830
(3,R1) 0.0023039092 1.000000e-09          NA 0.0000000010 0.000000001
(4,R1) 0.0000000010 3.285565e-05 0.000000001           NA 0.001286009
(5,R1) 0.0000000010 1.119442e-02 0.000000001 0.0084332582          NA
(6,R1) 0.0000000010 4.716120e-02 0.015439682 0.0000000010 0.000000001
             (6,R1)
(1,R1) 0.0000000010
(2,R1) 0.0000000010
(3,R1) 0.0000000010
(4,R1) 0.0001091547
(5,R1) 0.0000000010
(6,R1)           NA

Arrived at a reliable solution 
[1] "states"
           (1,R1)       (2,R1)       (3,R1)      (4,R1)      (5,R1)       (6,R1)
[1,] 7.838141e-06 0.0057778997 1.207597e-08 0.953397770 0.040814857 1.623048e-06
[2,] 1.659824e-06 0.0015177949 2.612076e-10 0.965103580 0.033376644 3.210323e-07
[3,] 3.041449e-05 0.0053920245 1.633295e-06 0.889453499 0.104947929 1.744996e-04
[4,] 2.372672e-01 0.6776010227 6.618259e-03 0.001363219 0.046841368 3.030896e-02
[5,] 6.591475e-07 0.0003227385 1.841272e-09 0.953245451 0.046429549 1.599838e-06
[6,] 2.858655e-08 0.0000433653 8.922001e-11 0.992480684 0.007108599 3.673229e-04
[1] " "
[1] "abiotic_vert_insect_ARD"

Fit
      -lnL      AIC     AICc Rate.cat ntax
 -367.3073 746.6145 746.6849        1 1201

Legend
  1   2   3 
"1" "5" "6" 

Rates
             (1,R1)       (2,R1)       (3,R1)
(1,R1)           NA 0.0008260298 0.0000000010
(2,R1) 0.0007123954           NA 0.0006940819
(3,R1) 0.0000000010 0.0148788554           NA

Arrived at a reliable solution 
[1] "states"
           (1,R1)     (2,R1)       (3,R1)
[1,] 0.0085829901 0.97916008 1.225693e-02
[2,] 0.0029605556 0.98858297 8.456477e-03
[3,] 0.0112455383 0.97894261 9.811847e-03
[4,] 0.9884070380 0.01155998 3.297768e-05
[5,] 0.0008970586 0.98654825 1.255469e-02
[6,] 0.0026696180 0.98484304 1.248734e-02
[1] " "
[1] "abiotic_vert_insect_nopoly_ARD"

Fit
      -lnL      AIC     AICc Rate.cat ntax
 -831.1458 1722.292 1723.881        1 1201

Legend
   1    2    3    4    5    6 
 "1" "10" "11"  "4"  "5"  "6" 

Rates
             (1,R1)       (2,R1)       (3,R1)      (4,R1)       (5,R1)
(1,R1)           NA 1.000000e-09 0.0000000010 0.000000001 0.0004460873
(2,R1) 0.0121220719           NA 1.5144895487 0.001877365 0.0013377067
(3,R1) 0.0744113371 1.000000e+02           NA 0.018374766 0.0091738593
(4,R1) 0.0000000010 1.000000e-09 0.0000000010          NA 0.0318307833
(5,R1) 0.0001348822 6.470474e-04 0.0007535896 0.002492115           NA
(6,R1) 0.0000000010 1.000000e-09 0.0000000010 0.014954340 0.0080249377
            (6,R1)
(1,R1) 0.000000001
(2,R1) 0.000000001
(3,R1) 0.000000001
(4,R1) 0.015174248
(5,R1) 0.000000001
(6,R1)          NA

Arrived at a reliable solution 
[1] "states"
           (1,R1)      (2,R1)       (3,R1)       (4,R1)     (5,R1)       (6,R1)
[1,] 7.969570e-04 0.002413042 3.684539e-05 0.0347905101 0.95230845 9.654194e-03
[2,] 1.729521e-04 0.001362376 2.083934e-05 0.0288290176 0.96331195 6.302864e-03
[3,] 2.851312e-03 0.037590712 5.757452e-04 0.0280691338 0.92445722 6.455875e-03
[4,] 8.737500e-01 0.121061119 1.846599e-03 0.0000286492 0.00330992 3.743145e-06
[5,] 5.793796e-05 0.015332614 2.325424e-04 0.0422795905 0.93299720 9.100115e-03
[6,] 2.309360e-05 0.057276257 8.729525e-04 0.0269992067 0.90855419 6.274297e-03
[1] " "
[1] "wind_water_vert_insect_ARD"

Fit
      -lnL      AIC   AICc Rate.cat ntax
 -379.5487 783.0974 783.36        1 1201

Legend
  1   2   3   4 
"2" "3" "5" "6" 

Rates
            (1,R1)       (2,R1)       (3,R1)       (4,R1)
(1,R1)          NA 2.016443e-04 0.0009537003 0.0000000010
(2,R1) 0.000000001           NA 0.0003273432 0.0000000010
(3,R1) 0.000705194 5.756740e-06           NA 0.0006942842
(4,R1) 0.000000001 1.000000e-09 0.0148727083           NA

Arrived at a reliable solution 
[1] "states"
           (1,R1)       (2,R1)    (3,R1)       (4,R1)
[1,] 0.0070428328 6.345486e-05 0.9805985 1.229517e-02
[2,] 0.0026012144 1.429074e-06 0.9889162 8.481157e-03
[3,] 0.0117145087 8.817044e-08 0.9784145 9.870926e-03
[4,] 0.9881196209 4.005847e-06 0.0118425 3.387227e-05
[5,] 0.0006316584 3.831665e-07 0.9867483 1.261969e-02
[6,] 0.0002037536 1.647258e-05 0.9870488 1.273099e-02
[1] " "
